,time,glucose,calories,heart_rate,steps,basal_rate,bolus_volume_delivered,carb_input,glucose_shift(-1),glucose_shift(-2),glucose_shift(-3),glucose_shift(-4),glucose_shift(-5),glucose_shift(-6),glucose_shift(-7),glucose_shift(-8),glucose_shift(-9),glucose_shift(3)
9,2018-06-13T19:25:00,293.0,8.049999952316284,89.77876106194691,77.0,0.075,0.0,0.0,303.0,293.0,312.0,313.0,306.0,324.0,330.0,326.0,332.0,255.0
10,2018-06-13T19:30:00,271.0,17.79050016403198,104.53623188405795,124.0,0.075,0.0,0.0,293.0,303.0,293.0,312.0,313.0,306.0,324.0,330.0,326.0,221.0
11,2018-06-13T19:35:00,270.0,10.625999927520752,100.1496062992126,21.0,0.075,0.0,0.0,271.0,293.0,303.0,293.0,312.0,313.0,306.0,324.0,330.0,242.0
12,2018-06-13T19:40:00,255.0,8.855000019073486,97.72972972972973,11.0,0.075,0.0,0.0,270.0,271.0,293.0,303.0,293.0,312.0,313.0,306.0,324.0,232.0
13,2018-06-13T19:45:00,221.0,10.0625,97.27272727272728,74.0,0.075,0.0,0.0,255.0,270.0,271.0,293.0,303.0,293.0,312.0,313.0,306.0,171.0
14,2018-06-13T19:50:00,242.0,24.31100034713745,103.95726495726495,510.0,0.075,0.0,0.0,221.0,255.0,270.0,271.0,293.0,303.0,293.0,312.0,313.0,205.0
15,2018-06-13T19:55:00,232.0,25.438000202178955,109.40983606557376,505.0,0.075,0.0,0.0,242.0,221.0,255.0,270.0,271.0,293.0,303.0,293.0,312.0,192.0
16,2018-06-13T20:00:00,171.0,20.28600019216537,118.07291666666669,329.0,0.075,0.0,0.0,232.0,242.0,221.0,255.0,270.0,271.0,293.0,303.0,293.0,135.0
17,2018-06-13T20:05:00,205.0,7.888999938964844,86.48412698412699,9.0,0.075,0.0,0.0,171.0,232.0,242.0,221.0,255.0,270.0,271.0,293.0,303.0,172.0
18,2018-06-13T20:10:00,192.0,9.65999984741211,85.50819672131148,12.0,0.075,0.0,0.0,205.0,171.0,232.0,242.0,221.0,255.0,270.0,271.0,293.0,162.0
19,2018-06-13T20:15:00,135.0,11.511499881744385,96.0,161.0,0.075,0.0,0.0,192.0,205.0,171.0,232.0,242.0,221.0,255.0,270.0,271.0,108.0
20,2018-06-13T20:20:00,172.0,8.855000257492065,98.875,109.0,0.075,0.0,0.0,135.0,192.0,205.0,171.0,232.0,242.0,221.0,255.0,270.0,139.0
21,2018-06-13T20:25:00,162.0,8.694000005722046,101.41014492469112,103.0,0.075,0.0,0.0,172.0,135.0,192.0,205.0,171.0,232.0,242.0,221.0,255.0,129.0
22,2018-06-13T20:30:00,108.0,22.540000438690186,105.62121212121212,360.0,0.075,0.0,0.0,162.0,172.0,135.0,192.0,205.0,171.0,232.0,242.0,221.0,76.0
23,2018-06-13T20:35:00,139.0,23.023000240325928,109.20149253731344,318.0,0.075,0.0,0.0,108.0,162.0,172.0,135.0,192.0,205.0,171.0,232.0,242.0,109.0
24,2018-06-13T20:40:00,129.0,16.09999990463257,105.50833333333334,0.0,0.075,0.0,0.0,139.0,108.0,162.0,172.0,135.0,192.0,205.0,171.0,232.0,103.0
25,2018-06-13T20:45:00,76.0,14.89249986410141,99.43225806451612,234.0,0.075,0.0,0.0,129.0,139.0,108.0,162.0,172.0,135.0,192.0,205.0,171.0,66.0
26,2018-06-13T20:50:00,109.0,15.294999957084656,103.92028985507248,81.0,0.075,0.0,0.0,76.0,129.0,139.0,108.0,162.0,172.0,135.0,192.0,205.0,87.0
27,2018-06-13T20:55:00,103.0,14.812000036239622,101.25185185185184,168.0,0.075,0.0,0.0,109.0,76.0,129.0,139.0,108.0,162.0,172.0,135.0,192.0,79.0
28,2018-06-13T21:00:00,66.0,5.232499837875366,91.38345864661656,0.0,0.0583333333333333,0.0,0.0,103.0,109.0,76.0,129.0,139.0,108.0,162.0,172.0,135.0,40.0
29,2018-06-13T21:05:00,87.0,7.969499826431274,92.80869565217392,16.0,0.0,0.0,0.0,66.0,103.0,109.0,76.0,129.0,139.0,108.0,162.0,172.0,64.0
30,2018-06-13T21:10:00,79.0,11.269999921321867,92.475,26.0,0.0,0.0,0.0,87.0,66.0,103.0,109.0,76.0,129.0,139.0,108.0,162.0,64.0
31,2018-06-13T21:15:00,40.0,6.842499911785126,93.94017094017094,7.0,0.0,0.0,0.0,79.0,87.0,66.0,103.0,109.0,76.0,129.0,139.0,108.0,40.0
32,2018-06-13T21:20:00,64.0,13.926499903202057,105.94573643410853,0.0,0.0,0.0,0.0,40.0,79.0,87.0,66.0,103.0,109.0,76.0,129.0,139.0,92.0
33,2018-06-13T21:25:00,64.0,5.151999890804291,91.78703703703704,0.0,0.0,0.0,0.0,64.0,40.0,79.0,87.0,66.0,103.0,109.0,76.0,129.0,104.0
34,2018-06-13T21:30:00,40.0,9.016000032424929,96.67272727272729,38.0,0.0,0.0,0.0,64.0,64.0,40.0,79.0,87.0,66.0,103.0,109.0,76.0,86.0
35,2018-06-13T21:35:00,92.0,4.8299999833107,93.57142857142856,0.0,0.0,0.0,0.0,40.0,64.0,64.0,40.0,79.0,87.0,66.0,103.0,109.0,119.0
36,2018-06-13T21:40:00,104.0,7.808499813079835,98.1801801801802,0.0,0.0,0.0,0.0,92.0,40.0,64.0,64.0,40.0,79.0,87.0,66.0,103.0,120.0
37,2018-06-13T21:45:00,86.0,8.532999873161316,99.5701754385965,21.0,0.0,0.0,0.0,104.0,92.0,40.0,64.0,64.0,40.0,79.0,87.0,66.0,102.0
38,2018-06-13T21:50:00,119.0,9.33799982070923,102.57142857142856,52.0,0.0291666666666666,3.5,4.0,86.0,104.0,92.0,40.0,64.0,64.0,40.0,79.0,87.0,132.0
39,2018-06-13T21:55:00,120.0,4.910499930381775,95.70542635658914,0.0,0.0291666666666666,0.0,0.0,119.0,86.0,104.0,92.0,40.0,64.0,64.0,40.0,79.0,141.0
40,2018-06-13T22:00:00,102.0,4.025000035762787,89.50413223140495,0.0,0.0291666666666666,0.0,0.0,120.0,119.0,86.0,104.0,92.0,40.0,64.0,64.0,40.0,128.0
41,2018-06-13T22:05:00,132.0,6.520500004291534,89.49586776859505,0.0,0.0291666666666666,0.0,0.0,102.0,120.0,119.0,86.0,104.0,92.0,40.0,64.0,64.0,158.0
42,2018-06-13T22:10:00,141.0,5.554499983787537,86.28571428571429,24.0,0.0291666666666666,0.0,0.0,132.0,102.0,120.0,119.0,86.0,104.0,92.0,40.0,64.0,167.0
43,2018-06-13T22:15:00,128.0,6.7619999051094055,92.1304347826087,11.0,0.0291666666666666,0.0,0.0,141.0,132.0,102.0,120.0,119.0,86.0,104.0,92.0,40.0,145.0
44,2018-06-13T22:20:00,158.0,4.186000049114227,89.7107438016529,0.0,0.0291666666666666,0.0,0.0,128.0,141.0,132.0,102.0,120.0,119.0,86.0,104.0,92.0,184.0
45,2018-06-13T22:25:00,167.0,4.186000049114227,87.9304347826087,0.0,0.0291666666666666,0.0,0.0,158.0,128.0,141.0,132.0,102.0,120.0,119.0,86.0,104.0,184.0
46,2018-06-13T22:30:00,145.0,4.186000049114227,91.7983193277311,0.0,0.0291666666666666,0.0,0.0,167.0,158.0,128.0,141.0,132.0,102.0,120.0,119.0,86.0,150.0
47,2018-06-13T22:35:00,184.0,4.186000049114227,92.40869565217392,0.0,0.0291666666666666,0.0,0.0,145.0,167.0,158.0,128.0,141.0,132.0,102.0,120.0,119.0,177.0
48,2018-06-13T22:40:00,184.0,8.04999989271164,95.7280701754386,9.0,0.0291666666666666,0.0,0.0,184.0,145.0,167.0,158.0,128.0,141.0,132.0,102.0,120.0,173.0
49,2018-06-13T22:45:00,150.0,5.715499997138977,93.14634146341464,17.0,0.0291666666666666,0.0,0.0,184.0,184.0,145.0,167.0,158.0,128.0,141.0,132.0,102.0,157.0
50,2018-06-13T22:50:00,177.0,7.164499998092651,93.45299145299144,32.0,0.0291666666666666,0.0,0.0,150.0,184.0,184.0,145.0,167.0,158.0,128.0,141.0,132.0,158.0
51,2018-06-13T22:55:00,173.0,11.350499868392944,98.94957983193277,120.0,0.0291666666666666,0.0,0.0,177.0,150.0,184.0,184.0,145.0,167.0,158.0,128.0,141.0,152.0
52,2018-06-13T23:00:00,157.0,10.706499814987184,101.97222222222224,60.0,0.0291666666666666,0.0,0.0,173.0,177.0,150.0,184.0,184.0,145.0,167.0,158.0,128.0,115.0
53,2018-06-13T23:05:00,158.0,7.6474997997283936,101.00813008130082,9.0,0.0291666666666666,0.0,0.0,157.0,173.0,177.0,150.0,184.0,184.0,145.0,167.0,158.0,147.0
54,2018-06-13T23:10:00,152.0,6.1179999113082895,95.8473282442748,15.0,0.0291666666666666,0.0,0.0,158.0,157.0,173.0,177.0,150.0,184.0,184.0,145.0,167.0,147.0
55,2018-06-13T23:15:00,115.0,8.532999873161316,90.83620689655172,60.0,0.0291666666666666,0.0,0.0,152.0,158.0,157.0,173.0,177.0,150.0,184.0,184.0,145.0,115.0
56,2018-06-13T23:20:00,147.0,7.727999985218048,94.43548387096774,69.0,0.0,0.0,0.0,115.0,152.0,158.0,157.0,173.0,177.0,150.0,184.0,184.0,153.0
57,2018-06-13T23:25:00,147.0,4.347000062465668,90.84,0.0,0.0,0.0,0.0,147.0,115.0,152.0,158.0,157.0,173.0,177.0,150.0,184.0,154.0
58,2018-06-13T23:30:00,115.0,4.105500042438507,85.95762711864407,0.0,0.0,0.0,0.0,147.0,147.0,115.0,152.0,158.0,157.0,173.0,177.0,150.0,123.0
59,2018-06-13T23:35:00,153.0,4.025000035762787,79.0,0.0,0.0,0.0,0.0,115.0,147.0,147.0,115.0,152.0,158.0,157.0,173.0,177.0,154.0
60,2018-06-13T23:40:00,154.0,5.393499970436096,88.4322033898305,15.0,0.0,0.0,0.0,153.0,115.0,147.0,147.0,115.0,152.0,158.0,157.0,173.0,155.0
61,2018-06-13T23:45:00,123.0,4.025000035762787,81.02803738317758,0.0,0.0,0.0,0.0,154.0,153.0,115.0,147.0,147.0,115.0,152.0,158.0,157.0,117.0
62,2018-06-13T23:50:00,154.0,4.025000035762787,81.5304347826087,0.0,0.0,0.0,0.0,123.0,154.0,153.0,115.0,147.0,147.0,115.0,152.0,158.0,158.0
63,2018-06-13T23:55:00,155.0,4.105500042438507,82.25555555555556,0.0,0.0,0.0,0.0,154.0,123.0,154.0,153.0,115.0,147.0,147.0,115.0,152.0,160.0
64,2018-06-14T00:00:00,117.0,4.025000035762787,84.1,0.0,0.0,0.0,0.0,155.0,154.0,123.0,154.0,153.0,115.0,147.0,147.0,115.0,126.0
65,2018-06-14T00:05:00,158.0,4.105500042438507,83.01801801801801,0.0,0.0,0.0,0.0,117.0,155.0,154.0,123.0,154.0,153.0,115.0,147.0,147.0,164.0
66,2018-06-14T00:10:00,160.0,4.105500042438507,84.7196261682243,0.0,0.0,0.0,0.0,158.0,117.0,155.0,154.0,123.0,154.0,153.0,115.0,147.0,164.0
67,2018-06-14T00:15:00,126.0,4.105500042438507,84.44736842105263,0.0,0.0,0.0,0.0,160.0,158.0,117.0,155.0,154.0,123.0,154.0,153.0,115.0,135.0
68,2018-06-14T00:20:00,164.0,4.105500042438507,84.03636363636363,0.0,0.0708333333333333,0.0,0.0,126.0,160.0,158.0,117.0,155.0,154.0,123.0,154.0,153.0,172.0
69,2018-06-14T00:25:00,164.0,4.105500042438507,87.44628099173553,0.0,0.0708333333333333,0.0,0.0,164.0,126.0,160.0,158.0,117.0,155.0,154.0,123.0,154.0,177.0
70,2018-06-14T00:30:00,135.0,4.186000049114227,89.625,0.0,0.0708333333333333,0.0,0.0,164.0,164.0,126.0,160.0,158.0,117.0,155.0,154.0,123.0,144.0
71,2018-06-14T00:35:00,172.0,4.105500042438507,86.88135593220339,0.0,0.0708333333333333,0.0,0.0,135.0,164.0,164.0,126.0,160.0,158.0,117.0,155.0,154.0,179.0
72,2018-06-14T00:40:00,177.0,4.025000035762787,84.2905982905983,0.0,0.0708333333333333,0.0,0.0,172.0,135.0,164.0,164.0,126.0,160.0,158.0,117.0,155.0,182.0
73,2018-06-14T00:45:00,144.0,4.105500042438507,81.2457627118644,0.0,0.0708333333333333,0.0,0.0,177.0,172.0,135.0,164.0,164.0,126.0,160.0,158.0,117.0,134.0
74,2018-06-14T00:50:00,179.0,4.025000035762787,80.43697478991596,0.0,0.0708333333333333,0.0,0.0,144.0,177.0,172.0,135.0,164.0,164.0,126.0,160.0,158.0,182.0
75,2018-06-14T00:55:00,182.0,4.186000049114227,81.98319327731092,0.0,0.0708333333333333,0.0,0.0,179.0,144.0,177.0,172.0,135.0,164.0,164.0,126.0,160.0,183.0
76,2018-06-14T01:00:00,134.0,4.025000035762787,80.64655172413794,0.0,0.0708333333333333,0.0,0.0,182.0,179.0,144.0,177.0,172.0,135.0,164.0,164.0,126.0,140.0
77,2018-06-14T01:05:00,182.0,4.025000035762787,82.7909090909091,0.0,0.0708333333333333,0.0,0.0,134.0,182.0,179.0,144.0,177.0,172.0,135.0,164.0,164.0,192.0
78,2018-06-14T01:10:00,183.0,4.025000035762787,82.47747747747748,0.0,0.0708333333333333,0.0,0.0,182.0,134.0,182.0,179.0,144.0,177.0,172.0,135.0,164.0,195.0
79,2018-06-14T01:15:00,140.0,4.025000035762787,81.47787610619469,0.0,0.0708333333333333,0.0,0.0,183.0,182.0,134.0,182.0,179.0,144.0,177.0,172.0,135.0,157.0
80,2018-06-14T01:20:00,192.0,4.105500042438507,81.24793388429752,0.0,0.0708333333333333,0.0,0.0,140.0,183.0,182.0,134.0,182.0,179.0,144.0,177.0,172.0,199.0
81,2018-06-14T01:25:00,195.0,4.025000035762787,84.19672131147541,0.0,0.0708333333333333,0.0,0.0,192.0,140.0,183.0,182.0,134.0,182.0,179.0,144.0,177.0,197.0
82,2018-06-14T01:30:00,157.0,4.105500042438507,83.31858407079646,0.0,0.0708333333333333,0.0,0.0,195.0,192.0,140.0,183.0,182.0,134.0,182.0,179.0,144.0,174.0
83,2018-06-14T01:35:00,199.0,4.025000035762787,84.66129032258064,0.0,0.0708333333333333,0.0,0.0,157.0,195.0,192.0,140.0,183.0,182.0,134.0,182.0,179.0,197.0
84,2018-06-14T01:40:00,197.0,4.186000049114227,84.86567164179104,0.0,0.0708333333333333,0.0,0.0,199.0,157.0,195.0,192.0,140.0,183.0,182.0,134.0,182.0,189.0
85,2018-06-14T01:45:00,174.0,4.186000049114227,85.34745762711864,0.0,0.0708333333333333,0.0,0.0,197.0,199.0,157.0,195.0,192.0,140.0,183.0,182.0,134.0,178.0
86,2018-06-14T01:50:00,197.0,4.025000035762787,82.92682926829268,0.0,0.0708333333333333,0.0,0.0,174.0,197.0,199.0,157.0,195.0,192.0,140.0,183.0,182.0,183.0
87,2018-06-14T01:55:00,189.0,4.105500042438507,83.21138211382114,0.0,0.0708333333333333,0.0,0.0,197.0,174.0,197.0,199.0,157.0,195.0,192.0,140.0,183.0,190.0
88,2018-06-14T02:00:00,178.0,4.025000035762787,78.14166666666667,0.0,0.0708333333333333,0.0,0.0,189.0,197.0,174.0,197.0,199.0,157.0,195.0,192.0,140.0,176.0
89,2018-06-14T02:05:00,183.0,4.025000035762787,75.64166666666667,0.0,0.0708333333333333,0.0,0.0,178.0,189.0,197.0,174.0,197.0,199.0,157.0,195.0,192.0,188.0
90,2018-06-14T02:10:00,190.0,4.025000035762787,76.08474576271186,0.0,0.0708333333333333,0.0,0.0,183.0,178.0,189.0,197.0,174.0,197.0,199.0,157.0,195.0,187.0
91,2018-06-14T02:15:00,176.0,4.025000035762787,75.08130081300813,0.0,0.0708333333333333,0.0,0.0,190.0,183.0,178.0,189.0,197.0,174.0,197.0,199.0,157.0,160.0
92,2018-06-14T02:20:00,188.0,4.025000035762787,73.14159292035399,0.0,0.0708333333333333,0.0,0.0,176.0,190.0,183.0,178.0,189.0,197.0,174.0,197.0,199.0,184.0
93,2018-06-14T02:25:00,187.0,4.025000035762787,73.8360655737705,0.0,0.0708333333333333,0.0,0.0,188.0,176.0,190.0,183.0,178.0,189.0,197.0,174.0,197.0,186.0
94,2018-06-14T02:30:00,160.0,4.105500042438507,70.76068376068376,0.0,0.0708333333333333,0.0,0.0,187.0,188.0,176.0,190.0,183.0,178.0,189.0,197.0,174.0,156.0
95,2018-06-14T02:35:00,184.0,4.105500042438507,70.5042735042735,0.0,0.0708333333333333,0.0,0.0,160.0,187.0,188.0,176.0,190.0,183.0,178.0,189.0,197.0,160.0
96,2018-06-14T02:40:00,186.0,5.152000069618225,76.21621621621621,0.0,0.0708333333333333,0.0,0.0,184.0,160.0,187.0,188.0,176.0,190.0,183.0,178.0,189.0,156.0
97,2018-06-14T02:45:00,156.0,7.325499951839448,86.47747747747748,28.0,0.0708333333333333,0.0,0.0,186.0,184.0,160.0,187.0,188.0,176.0,190.0,183.0,178.0,141.0
98,2018-06-14T02:50:00,160.0,4.105500042438507,72.82456140350877,0.0,0.0708333333333333,0.0,0.0,156.0,186.0,184.0,160.0,187.0,188.0,176.0,190.0,183.0,155.0
99,2018-06-14T02:55:00,156.0,4.025000035762787,68.49122807017544,0.0,0.0708333333333333,0.0,0.0,160.0,156.0,186.0,184.0,160.0,187.0,188.0,176.0,190.0,151.0
100,2018-06-14T03:00:00,141.0,4.025000035762787,68.56521739130434,0.0,0.0541666666666666,0.0,0.0,156.0,160.0,156.0,186.0,184.0,160.0,187.0,188.0,176.0,122.0
101,2018-06-14T03:05:00,155.0,4.025000035762787,71.976,0.0,0.0541666666666666,0.0,0.0,141.0,156.0,160.0,156.0,186.0,184.0,160.0,187.0,188.0,154.0
102,2018-06-14T03:10:00,151.0,4.025000035762787,70.04273504273505,0.0,0.0541666666666666,0.0,0.0,155.0,141.0,156.0,160.0,156.0,186.0,184.0,160.0,187.0,144.0
103,2018-06-14T03:15:00,122.0,4.025000035762787,68.7909090909091,0.0,0.0541666666666666,0.0,0.0,151.0,155.0,141.0,156.0,160.0,156.0,186.0,184.0,160.0,103.0
104,2018-06-14T03:20:00,154.0,4.025000035762787,68.94782608695652,0.0,0.0541666666666666,0.0,0.0,122.0,151.0,155.0,141.0,156.0,160.0,156.0,186.0,184.0,133.0
105,2018-06-14T03:25:00,144.0,4.025000035762787,71.89830508474576,0.0,0.0541666666666666,0.0,0.0,154.0,122.0,151.0,155.0,141.0,156.0,160.0,156.0,186.0,128.0
106,2018-06-14T03:30:00,103.0,4.025000035762787,70.84821428571429,0.0,0.0541666666666666,0.0,0.0,144.0,154.0,122.0,151.0,155.0,141.0,156.0,160.0,156.0,95.0
107,2018-06-14T03:35:00,133.0,4.025000035762787,70.3931623931624,0.0,0.0541666666666666,0.0,0.0,103.0,144.0,154.0,122.0,151.0,155.0,141.0,156.0,160.0,118.0
108,2018-06-14T03:40:00,128.0,4.025000035762787,68.97540983606558,0.0,0.0541666666666666,0.0,0.0,133.0,103.0,144.0,154.0,122.0,151.0,155.0,141.0,156.0,111.0
109,2018-06-14T03:45:00,95.0,4.025000035762787,72.30578512396694,0.0,0.0541666666666666,0.0,0.0,128.0,133.0,103.0,144.0,154.0,122.0,151.0,155.0,141.0,92.0
110,2018-06-14T03:50:00,118.0,4.025000035762787,71.7107438016529,0.0,0.0541666666666666,0.0,0.0,95.0,128.0,133.0,103.0,144.0,154.0,122.0,151.0,155.0,99.0
111,2018-06-14T03:55:00,111.0,4.025000035762787,74.544,0.0,0.0541666666666666,0.0,0.0,118.0,95.0,128.0,133.0,103.0,144.0,154.0,122.0,151.0,94.0
112,2018-06-14T04:00:00,92.0,4.025000035762787,70.6171875,0.0,0.0541666666666666,0.0,0.0,111.0,118.0,95.0,128.0,133.0,103.0,144.0,154.0,122.0,76.0
113,2018-06-14T04:05:00,99.0,4.025000035762787,65.76315789473684,0.0,0.0541666666666666,0.0,0.0,92.0,111.0,118.0,95.0,128.0,133.0,103.0,144.0,154.0,87.0
114,2018-06-14T04:10:00,94.0,4.025000035762787,63.54838709677419,0.0,0.0541666666666666,0.0,0.0,99.0,92.0,111.0,118.0,95.0,128.0,133.0,103.0,144.0,85.0
115,2018-06-14T04:15:00,76.0,4.025000035762787,61.50387596899225,0.0,0.0541666666666666,0.0,0.0,94.0,99.0,92.0,111.0,118.0,95.0,128.0,133.0,103.0,63.0
116,2018-06-14T04:20:00,87.0,4.105500042438507,64.71666666666667,0.0,0.0541666666666666,0.0,0.0,76.0,94.0,99.0,92.0,111.0,118.0,95.0,128.0,133.0,79.0
117,2018-06-14T04:25:00,85.0,4.025000035762787,66.19827586206897,0.0,0.0,0.0,0.0,87.0,76.0,94.0,99.0,92.0,111.0,118.0,95.0,128.0,76.0
118,2018-06-14T04:30:00,63.0,4.105500042438507,68.70247933884298,0.0,0.0,0.0,0.0,85.0,87.0,76.0,94.0,99.0,92.0,111.0,118.0,95.0,56.0
119,2018-06-14T04:35:00,79.0,4.025000035762787,62.93636363636364,0.0,0.0,0.0,0.0,63.0,85.0,87.0,76.0,94.0,99.0,92.0,111.0,118.0,73.0
120,2018-06-14T04:40:00,76.0,4.025000035762787,62.61607142857143,0.0,0.0,0.0,0.0,79.0,63.0,85.0,87.0,76.0,94.0,99.0,92.0,111.0,70.0
121,2018-06-14T04:45:00,56.0,4.025000035762787,62.93693693693694,0.0,0.0,0.0,0.0,76.0,79.0,63.0,85.0,87.0,76.0,94.0,99.0,92.0,48.0
122,2018-06-14T04:50:00,73.0,4.025000035762787,63.44444444444444,0.0,0.0,0.0,0.0,56.0,76.0,79.0,63.0,85.0,87.0,76.0,94.0,99.0,64.0
123,2018-06-14T04:55:00,70.0,4.025000035762787,66.22321428571429,0.0,0.0,0.0,0.0,73.0,56.0,76.0,79.0,63.0,85.0,87.0,76.0,94.0,60.0
124,2018-06-14T05:00:00,48.0,4.025000035762787,65.15789473684211,0.0,0.0,0.0,0.0,70.0,73.0,56.0,76.0,79.0,63.0,85.0,87.0,76.0,40.0
125,2018-06-14T05:05:00,64.0,4.025000035762787,64.40178571428571,0.0,0.0,0.0,0.0,48.0,70.0,73.0,56.0,76.0,79.0,63.0,85.0,87.0,58.0
126,2018-06-14T05:10:00,60.0,4.025000035762787,64.05309734513274,0.0,0.0,0.0,0.0,64.0,48.0,70.0,73.0,56.0,76.0,79.0,63.0,85.0,60.0
127,2018-06-14T05:15:00,40.0,4.025000035762787,64.30088495575221,0.0,0.0,0.0,0.0,60.0,64.0,48.0,70.0,73.0,56.0,76.0,79.0,63.0,40.0
128,2018-06-14T05:20:00,58.0,4.025000035762787,65.30357142857143,0.0,0.0,0.0,0.0,40.0,60.0,64.0,48.0,70.0,73.0,56.0,76.0,79.0,59.0
129,2018-06-14T05:25:00,60.0,4.025000035762787,69.47619047619048,0.0,0.0,0.0,0.0,58.0,40.0,60.0,64.0,48.0,70.0,73.0,56.0,76.0,58.0
130,2018-06-14T05:30:00,40.0,4.025000035762787,68.8130081300813,0.0,0.0,0.0,0.0,60.0,58.0,40.0,60.0,64.0,48.0,70.0,73.0,56.0,40.0
131,2018-06-14T05:35:00,59.0,4.025000035762787,63.41592920353983,0.0,0.0,0.0,0.0,40.0,60.0,58.0,40.0,60.0,64.0,48.0,70.0,73.0,65.0
132,2018-06-14T05:40:00,58.0,5.152000069618225,63.2991452991453,10.0,0.0,0.0,0.0,59.0,40.0,60.0,58.0,40.0,60.0,64.0,48.0,70.0,64.0
133,2018-06-14T05:45:00,40.0,4.025000035762787,63.18803418803419,0.0,0.0,0.0,0.0,58.0,59.0,40.0,60.0,58.0,40.0,60.0,64.0,48.0,40.0
134,2018-06-14T05:50:00,65.0,4.025000035762787,64.65178571428571,0.0,0.0,0.0,0.0,40.0,58.0,59.0,40.0,60.0,58.0,40.0,60.0,64.0,62.0
135,2018-06-14T05:55:00,64.0,4.025000035762787,69.01626016260163,0.0,0.0,0.0,0.0,65.0,40.0,58.0,59.0,40.0,60.0,58.0,40.0,60.0,62.0
136,2018-06-14T06:00:00,40.0,4.105500042438507,69.97457627118644,0.0,0.0,0.0,0.0,64.0,65.0,40.0,58.0,59.0,40.0,60.0,58.0,40.0,41.0
137,2018-06-14T06:05:00,62.0,4.025000035762787,67.27927927927928,0.0,0.0,0.0,0.0,40.0,64.0,65.0,40.0,58.0,59.0,40.0,60.0,58.0,66.0
138,2018-06-14T06:10:00,62.0,4.025000035762787,68.45736434108527,0.0,0.0,0.0,0.0,62.0,40.0,64.0,65.0,40.0,58.0,59.0,40.0,60.0,80.0
139,2018-06-14T06:15:00,41.0,4.025000035762787,68.16806722689076,0.0,0.0,0.0,0.0,62.0,62.0,40.0,64.0,65.0,40.0,58.0,59.0,40.0,53.0
140,2018-06-14T06:20:00,66.0,4.025000035762787,64.06349206349206,0.0,0.0,0.0,0.0,41.0,62.0,62.0,40.0,64.0,65.0,40.0,58.0,59.0,97.0
141,2018-06-14T06:25:00,80.0,4.105500042438507,72.53787878787878,0.0,0.0,0.0,0.0,66.0,41.0,62.0,62.0,40.0,64.0,65.0,40.0,58.0,101.0
142,2018-06-14T06:30:00,53.0,4.025000035762787,64.28571428571429,0.0,0.0,0.0,0.0,80.0,66.0,41.0,62.0,62.0,40.0,64.0,65.0,40.0,84.0
143,2018-06-14T06:35:00,97.0,4.105500042438507,66.49122807017544,0.0,0.0,0.0,0.0,53.0,80.0,66.0,41.0,62.0,62.0,40.0,64.0,65.0,109.0
144,2018-06-14T06:40:00,101.0,4.025000035762787,67.10810810810811,0.0,0.0333333333333333,0.0,0.0,97.0,53.0,80.0,66.0,41.0,62.0,62.0,40.0,64.0,114.0
145,2018-06-14T06:45:00,84.0,4.025000035762787,65.62608695652175,0.0,0.0333333333333333,0.0,0.0,101.0,97.0,53.0,80.0,66.0,41.0,62.0,62.0,40.0,92.0
146,2018-06-14T06:50:00,109.0,4.025000035762787,63.723214285714285,0.0,0.0333333333333333,0.0,0.0,84.0,101.0,97.0,53.0,80.0,66.0,41.0,62.0,62.0,123.0
147,2018-06-14T06:55:00,114.0,4.025000035762787,64.0,0.0,0.0333333333333333,0.0,0.0,109.0,84.0,101.0,97.0,53.0,80.0,66.0,41.0,62.0,121.0
148,2018-06-14T07:00:00,92.0,4.025000035762787,65.00884955752213,0.0,0.0333333333333333,0.0,0.0,114.0,109.0,84.0,101.0,97.0,53.0,80.0,66.0,41.0,98.0
149,2018-06-14T07:05:00,123.0,4.025000035762787,65.52542372881356,0.0,0.0333333333333333,0.0,0.0,92.0,114.0,109.0,84.0,101.0,97.0,53.0,80.0,66.0,116.0
150,2018-06-14T07:10:00,121.0,4.105500042438507,68.40495867768595,0.0,0.0333333333333333,0.0,0.0,123.0,92.0,114.0,109.0,84.0,101.0,97.0,53.0,80.0,114.0
151,2018-06-14T07:15:00,98.0,4.025000035762787,67.50450450450451,0.0,0.0333333333333333,0.0,0.0,121.0,123.0,92.0,114.0,109.0,84.0,101.0,97.0,53.0,85.0
152,2018-06-14T07:20:00,116.0,4.025000035762787,63.922413793103445,0.0,0.0333333333333333,0.0,0.0,98.0,121.0,123.0,92.0,114.0,109.0,84.0,101.0,97.0,124.0
153,2018-06-14T07:25:00,114.0,4.025000035762787,63.98360655737705,0.0,0.0333333333333333,0.0,0.0,116.0,98.0,121.0,123.0,92.0,114.0,109.0,84.0,101.0,128.0
154,2018-06-14T07:30:00,85.0,4.025000035762787,71.168,0.0,0.0333333333333333,0.0,0.0,114.0,116.0,98.0,121.0,123.0,92.0,114.0,109.0,84.0,80.0
155,2018-06-14T07:35:00,124.0,4.025000035762787,72.56589147286822,0.0,0.0333333333333333,0.0,0.0,85.0,114.0,116.0,98.0,121.0,123.0,92.0,114.0,109.0,128.0
156,2018-06-14T07:40:00,128.0,4.025000035762787,64.0,0.0,0.0333333333333333,0.0,0.0,124.0,85.0,114.0,116.0,98.0,121.0,123.0,92.0,114.0,122.0
157,2018-06-14T07:45:00,80.0,4.025000035762787,63.96521739130435,0.0,0.0333333333333333,0.0,0.0,128.0,124.0,85.0,114.0,116.0,98.0,121.0,123.0,92.0,88.0
158,2018-06-14T07:50:00,128.0,4.025000035762787,62.306306306306304,0.0,0.0333333333333333,0.0,0.0,80.0,128.0,124.0,85.0,114.0,116.0,98.0,121.0,123.0,132.0
159,2018-06-14T07:55:00,122.0,4.025000035762787,63.81147540983606,0.0,0.0333333333333333,0.0,0.0,128.0,80.0,128.0,124.0,85.0,114.0,116.0,98.0,121.0,134.0
160,2018-06-14T08:00:00,88.0,4.025000035762787,63.33057851239669,0.0,0.0333333333333333,0.0,0.0,122.0,128.0,80.0,128.0,124.0,85.0,114.0,116.0,98.0,100.0
161,2018-06-14T08:05:00,132.0,4.025000035762787,65.20338983050847,0.0,0.0333333333333333,0.0,0.0,88.0,122.0,128.0,80.0,128.0,124.0,85.0,114.0,116.0,137.0
162,2018-06-14T08:10:00,134.0,4.025000035762787,65.4201680672269,0.0,0.0333333333333333,0.0,0.0,132.0,88.0,122.0,128.0,80.0,128.0,124.0,85.0,114.0,138.0
163,2018-06-14T08:15:00,100.0,4.025000035762787,65.60344827586206,0.0,0.0333333333333333,0.0,0.0,134.0,132.0,88.0,122.0,128.0,80.0,128.0,124.0,85.0,115.0
164,2018-06-14T08:20:00,137.0,4.025000035762787,67.0495867768595,0.0,0.0333333333333333,0.0,0.0,100.0,134.0,132.0,88.0,122.0,128.0,80.0,128.0,124.0,140.0
165,2018-06-14T08:25:00,138.0,4.105500042438507,69.09166666666667,0.0,0.0333333333333333,0.0,0.0,137.0,100.0,134.0,132.0,88.0,122.0,128.0,80.0,128.0,141.0
166,2018-06-14T08:30:00,115.0,4.025000035762787,66.5603448275862,0.0,0.0333333333333333,0.0,0.0,138.0,137.0,100.0,134.0,132.0,88.0,122.0,128.0,80.0,112.0
167,2018-06-14T08:35:00,140.0,4.025000035762787,66.69090909090909,0.0,0.0333333333333333,0.0,0.0,115.0,138.0,137.0,100.0,134.0,132.0,88.0,122.0,128.0,143.0
168,2018-06-14T08:40:00,141.0,4.025000035762787,66.83035714285714,0.0,0.0333333333333333,0.0,0.0,140.0,115.0,138.0,137.0,100.0,134.0,132.0,88.0,122.0,144.0
169,2018-06-14T08:45:00,112.0,4.025000035762787,66.84545454545454,0.0,0.0333333333333333,0.0,0.0,141.0,140.0,115.0,138.0,137.0,100.0,134.0,132.0,88.0,96.0
170,2018-06-14T08:50:00,143.0,4.025000035762787,67.07964601769912,0.0,0.0333333333333333,0.0,0.0,112.0,141.0,140.0,115.0,138.0,137.0,100.0,134.0,132.0,147.0
171,2018-06-14T08:55:00,144.0,4.025000035762787,67.33628318584071,0.0,0.0333333333333333,0.0,0.0,143.0,112.0,141.0,140.0,115.0,138.0,137.0,100.0,134.0,148.0
172,2018-06-14T09:00:00,96.0,4.025000035762787,67.30578512396694,0.0,0.0375,0.0,0.0,144.0,143.0,112.0,141.0,140.0,115.0,138.0,137.0,100.0,80.0
173,2018-06-14T09:05:00,147.0,4.025000035762787,68.06611570247934,0.0,0.0375,0.0,0.0,96.0,144.0,143.0,112.0,141.0,140.0,115.0,138.0,137.0,146.0
174,2018-06-14T09:10:00,148.0,4.025000035762787,65.15,0.0,0.0375,0.0,0.0,147.0,96.0,144.0,143.0,112.0,141.0,140.0,115.0,138.0,146.0
175,2018-06-14T09:15:00,80.0,4.025000035762787,64.24561403508773,0.0,0.0375,0.0,0.0,148.0,147.0,96.0,144.0,143.0,112.0,141.0,140.0,115.0,78.0
176,2018-06-14T09:20:00,146.0,4.025000035762787,63.23275862068966,0.0,0.0375,0.0,0.0,80.0,148.0,147.0,96.0,144.0,143.0,112.0,141.0,140.0,146.0
177,2018-06-14T09:25:00,146.0,4.025000035762787,64.58181818181818,0.0,0.0375,0.0,0.0,146.0,80.0,148.0,147.0,96.0,144.0,143.0,112.0,141.0,145.0
178,2018-06-14T09:30:00,78.0,4.025000035762787,63.517857142857146,0.0,0.0375,0.0,0.0,146.0,146.0,80.0,148.0,147.0,96.0,144.0,143.0,112.0,103.0
179,2018-06-14T09:35:00,146.0,4.025000035762787,63.94871794871795,0.0,0.0375,0.0,0.0,78.0,146.0,146.0,80.0,148.0,147.0,96.0,144.0,143.0,131.0
180,2018-06-14T09:40:00,145.0,4.025000035762787,66.096,0.0,0.0375,0.0,0.0,146.0,78.0,146.0,146.0,80.0,148.0,147.0,96.0,144.0,125.0
181,2018-06-14T09:45:00,103.0,4.025000035762787,65.59375,0.0,0.0375,0.0,0.0,145.0,146.0,78.0,146.0,146.0,80.0,148.0,147.0,96.0,100.0
182,2018-06-14T09:50:00,131.0,4.025000035762787,63.10084033613445,0.0,0.0375,0.0,0.0,103.0,145.0,146.0,78.0,146.0,146.0,80.0,148.0,147.0,128.0
183,2018-06-14T09:55:00,125.0,4.025000035762787,66.26666666666667,0.0,0.0375,0.0,0.0,131.0,103.0,145.0,146.0,78.0,146.0,146.0,80.0,148.0,129.0
184,2018-06-14T10:00:00,100.0,4.266500055789948,69.2063492063492,0.0,0.0375,0.0,0.0,125.0,131.0,103.0,145.0,146.0,78.0,146.0,146.0,80.0,109.0
185,2018-06-14T10:05:00,128.0,5.152000069618225,77.425,25.0,0.0375,0.0,0.0,100.0,125.0,131.0,103.0,145.0,146.0,78.0,146.0,146.0,131.0
186,2018-06-14T10:10:00,129.0,7.003499925136566,91.90825688073394,31.0,0.0375,3.0,3.0,128.0,100.0,125.0,131.0,103.0,145.0,146.0,78.0,146.0,129.0
187,2018-06-14T10:15:00,109.0,6.600999832153321,103.65178571428572,8.0,0.0375,0.0,0.0,129.0,128.0,100.0,125.0,131.0,103.0,145.0,146.0,78.0,92.0
188,2018-06-14T10:20:00,131.0,5.232499837875366,99.06896551724138,0.0,0.0375,0.0,0.0,109.0,129.0,128.0,100.0,125.0,131.0,103.0,145.0,146.0,123.0
189,2018-06-14T10:25:00,129.0,4.830000102519989,96.69369369369367,0.0,0.0375,0.0,0.0,131.0,109.0,129.0,128.0,100.0,125.0,131.0,103.0,145.0,122.0
190,2018-06-14T10:30:00,92.0,4.347000062465668,86.6910569105691,0.0,0.0375,0.0,0.0,129.0,131.0,109.0,129.0,128.0,100.0,125.0,131.0,103.0,107.0
191,2018-06-14T10:35:00,123.0,4.025000035762787,68.56896551724138,0.0,0.0375,0.0,0.0,92.0,129.0,131.0,109.0,129.0,128.0,100.0,125.0,131.0,132.0
192,2018-06-14T10:40:00,122.0,4.105500042438507,72.58035714285714,0.0,0.0375,0.0,0.0,123.0,92.0,129.0,131.0,109.0,129.0,128.0,100.0,125.0,145.0
193,2018-06-14T10:45:00,107.0,4.105500042438507,78.62931034482759,0.0,0.0375,0.0,0.0,122.0,123.0,92.0,129.0,131.0,109.0,129.0,128.0,100.0,145.0
194,2018-06-14T10:50:00,132.0,4.025000035762787,77.64754098360656,0.0,0.0375,0.0,0.0,107.0,122.0,123.0,92.0,129.0,131.0,109.0,129.0,128.0,169.0
195,2018-06-14T10:55:00,145.0,4.105500042438507,79.43697478991596,0.0,0.0375,0.0,0.0,132.0,107.0,122.0,123.0,92.0,129.0,131.0,109.0,129.0,182.0
196,2018-06-14T11:00:00,145.0,4.186000049114227,80.70270270270271,0.0,0.0375,0.0,0.0,145.0,132.0,107.0,122.0,123.0,92.0,129.0,131.0,109.0,181.0
197,2018-06-14T11:05:00,169.0,4.588500022888184,86.78070175438596,0.0,0.0375,0.0,0.0,145.0,145.0,132.0,107.0,122.0,123.0,92.0,129.0,131.0,204.0
198,2018-06-14T11:10:00,182.0,5.956999897956848,89.88073394495413,7.0,0.0375,0.0,0.0,169.0,145.0,145.0,132.0,107.0,122.0,123.0,92.0,129.0,212.0
199,2018-06-14T11:15:00,181.0,4.105500042438507,76.67226890756302,0.0,0.0375,0.0,0.0,182.0,169.0,145.0,145.0,132.0,107.0,122.0,123.0,92.0,216.0
200,2018-06-14T11:20:00,204.0,4.105500042438507,74.67796610169492,0.0,0.0375,0.0,0.0,181.0,182.0,169.0,145.0,145.0,132.0,107.0,122.0,123.0,221.0
201,2018-06-14T11:25:00,212.0,4.105500042438507,74.828125,0.0,0.0375,0.0,0.0,204.0,181.0,182.0,169.0,145.0,145.0,132.0,107.0,122.0,228.0
202,2018-06-14T11:30:00,216.0,5.554499983787537,80.9047619047619,9.0,0.0375,0.0,0.0,212.0,204.0,181.0,182.0,169.0,145.0,145.0,132.0,107.0,243.0
203,2018-06-14T11:35:00,221.0,7.325499832630157,88.33333333333333,19.0,0.0375,0.0,0.0,216.0,212.0,204.0,181.0,182.0,169.0,145.0,145.0,132.0,248.0
204,2018-06-14T11:40:00,228.0,9.257499814033508,88.02752293577981,32.0,0.0375,0.0,0.0,221.0,216.0,212.0,204.0,181.0,182.0,169.0,145.0,145.0,256.0
205,2018-06-14T11:45:00,243.0,5.232499837875366,91.23809523809524,0.0,0.0375,0.0,0.0,228.0,221.0,216.0,212.0,204.0,181.0,182.0,169.0,145.0,245.0
206,2018-06-14T11:50:00,248.0,6.27899980545044,93.69369369369367,0.0,0.0375,0.0,0.0,243.0,228.0,221.0,216.0,212.0,204.0,181.0,182.0,169.0,267.0
207,2018-06-14T11:55:00,256.0,9.015999913215635,94.775,19.0,0.0375,0.0,0.0,248.0,243.0,228.0,221.0,216.0,212.0,204.0,181.0,182.0,267.0
208,2018-06-14T12:00:00,245.0,19.481000185012817,123.2051282051282,13.0,0.0375,0.0,0.0,256.0,248.0,243.0,228.0,221.0,216.0,212.0,204.0,181.0,239.0
209,2018-06-14T12:05:00,267.0,14.489999949932098,111.50375939849624,46.0,0.0375,0.0,0.0,245.0,256.0,248.0,243.0,228.0,221.0,216.0,212.0,204.0,267.0
210,2018-06-14T12:10:00,267.0,4.105500042438507,72.9453125,0.0,0.0375,0.0,0.0,267.0,245.0,256.0,248.0,243.0,228.0,221.0,216.0,212.0,261.0
211,2018-06-14T12:15:00,239.0,4.186000049114227,74.26016260162602,0.0,0.0375,0.0,0.0,267.0,267.0,245.0,256.0,248.0,243.0,228.0,221.0,216.0,238.0
212,2018-06-14T12:20:00,267.0,4.105500042438507,76.95495495495496,0.0,0.0375,0.0,0.0,239.0,267.0,267.0,245.0,256.0,248.0,243.0,228.0,221.0,251.0
213,2018-06-14T12:25:00,261.0,11.59199976921082,86.93577981651376,64.0,0.0375,0.0,0.0,267.0,239.0,267.0,267.0,245.0,256.0,248.0,243.0,228.0,251.0
214,2018-06-14T12:30:00,238.0,9.90149974822998,92.05833333333334,52.0,0.0375,0.0,0.0,261.0,267.0,239.0,267.0,267.0,245.0,256.0,248.0,243.0,238.0
215,2018-06-14T12:35:00,251.0,5.796000003814697,84.6978417266187,0.0,0.0375,0.0,0.0,238.0,261.0,267.0,239.0,267.0,267.0,245.0,256.0,248.0,240.0
216,2018-06-14T12:40:00,251.0,16.34150004386902,106.74050632911391,15.0,0.0375,0.0,0.0,251.0,238.0,261.0,267.0,239.0,267.0,267.0,245.0,256.0,237.0
217,2018-06-14T12:45:00,238.0,11.511500239372252,100.58169934640524,7.0,0.0375,0.0,0.0,251.0,251.0,238.0,261.0,267.0,239.0,267.0,267.0,245.0,215.0
218,2018-06-14T12:50:00,240.0,10.304000318050385,104.41040462427746,0.0,0.0375,0.4,0.0,238.0,251.0,251.0,238.0,261.0,267.0,239.0,267.0,267.0,234.0
219,2018-06-14T12:55:00,237.0,4.025000035762787,66.62121212121212,0.0,0.0375,0.0,0.0,240.0,238.0,251.0,251.0,238.0,261.0,267.0,239.0,267.0,232.0
220,2018-06-14T13:00:00,215.0,4.025000035762787,64.0701754385965,0.0,0.0375,0.0,0.0,237.0,240.0,238.0,251.0,251.0,238.0,261.0,267.0,239.0,200.0
221,2018-06-14T13:05:00,234.0,4.025000035762787,64.54032258064517,0.0,0.0375,0.0,0.0,215.0,237.0,240.0,238.0,251.0,251.0,238.0,261.0,267.0,222.0
222,2018-06-14T13:10:00,232.0,4.025000035762787,63.278260869565216,0.0,0.0375,0.0,0.0,234.0,215.0,237.0,240.0,238.0,251.0,251.0,238.0,261.0,220.0
223,2018-06-14T13:15:00,200.0,5.393500089645386,68.20370370370371,18.0,0.0375,0.0,0.0,232.0,234.0,215.0,237.0,240.0,238.0,251.0,251.0,238.0,183.0
224,2018-06-14T13:20:00,222.0,5.152000069618225,77.01739130434783,0.0,0.0375,0.0,0.0,200.0,232.0,234.0,215.0,237.0,240.0,238.0,251.0,251.0,214.0
225,2018-06-14T13:25:00,220.0,4.025000035762787,60.88235294117647,0.0,0.0375,0.0,0.0,222.0,200.0,232.0,234.0,215.0,237.0,240.0,238.0,251.0,208.0
226,2018-06-14T13:30:00,183.0,4.025000035762787,61.50847457627118,0.0,0.0375,0.0,0.0,220.0,222.0,200.0,232.0,234.0,215.0,237.0,240.0,238.0,159.0
227,2018-06-14T13:35:00,214.0,5.393500089645386,69.95535714285714,0.0,0.0375,0.0,0.0,183.0,220.0,222.0,200.0,232.0,234.0,215.0,237.0,240.0,190.0
228,2018-06-14T13:40:00,208.0,10.464999914169312,81.86363636363636,58.0,0.0375,0.0,0.0,214.0,183.0,220.0,222.0,200.0,232.0,234.0,215.0,237.0,182.0
229,2018-06-14T13:45:00,159.0,6.681500017642975,83.65833333333333,23.0,0.0375,0.0,0.0,208.0,214.0,183.0,220.0,222.0,200.0,232.0,234.0,215.0,140.0
230,2018-06-14T13:50:00,190.0,9.57949995994568,94.26351351351352,37.0,0.0375,0.0,0.0,159.0,208.0,214.0,183.0,220.0,222.0,200.0,232.0,234.0,169.0
231,2018-06-14T13:55:00,182.0,9.659999907016754,96.79545454545456,8.0,0.0375,0.0,0.0,190.0,159.0,208.0,214.0,183.0,220.0,222.0,200.0,232.0,164.0
232,2018-06-14T14:00:00,140.0,9.337999880313872,102.05172413793105,8.0,0.0375,0.0,0.0,182.0,190.0,159.0,208.0,214.0,183.0,220.0,222.0,200.0,132.0
233,2018-06-14T14:05:00,169.0,12.557999849319458,110.85534591194968,0.0,0.0375,0.0,0.0,140.0,182.0,190.0,159.0,208.0,214.0,183.0,220.0,222.0,152.0
234,2018-06-14T14:10:00,164.0,7.647499978542328,95.8445945945946,10.0,0.0375,0.0,0.0,169.0,140.0,182.0,190.0,159.0,208.0,214.0,183.0,220.0,150.0
235,2018-06-14T14:15:00,132.0,4.186000049114227,84.17647058823529,0.0,0.0375,0.0,0.0,164.0,169.0,140.0,182.0,190.0,159.0,208.0,214.0,183.0,127.0
236,2018-06-14T14:20:00,152.0,4.347000062465668,82.54385964912281,0.0,0.0375,0.0,0.0,132.0,164.0,169.0,140.0,182.0,190.0,159.0,208.0,214.0,149.0
237,2018-06-14T14:25:00,150.0,7.003499865531921,86.04672897196262,19.0,0.0375,0.0,0.0,152.0,132.0,164.0,169.0,140.0,182.0,190.0,159.0,208.0,148.0
238,2018-06-14T14:30:00,127.0,11.833499670028688,111.8473282442748,0.0,0.0375,0.0,0.0,150.0,152.0,132.0,164.0,169.0,140.0,182.0,190.0,159.0,129.0
239,2018-06-14T14:35:00,149.0,10.78700017929077,110.74311926605505,41.0,0.0375,0.0,0.0,127.0,150.0,152.0,132.0,164.0,169.0,140.0,182.0,190.0,137.0
240,2018-06-14T14:40:00,148.0,8.532999873161316,96.475,22.0,0.0375,4.0,4.0,149.0,127.0,150.0,152.0,132.0,164.0,169.0,140.0,182.0,139.0
241,2018-06-14T14:45:00,129.0,5.393500089645386,84.33613445378151,6.0,0.0375,0.0,0.0,148.0,149.0,127.0,150.0,152.0,132.0,164.0,169.0,140.0,136.0
242,2018-06-14T14:50:00,137.0,4.025000035762787,77.92173913043479,0.0,0.0375,0.0,0.0,129.0,148.0,149.0,127.0,150.0,152.0,132.0,164.0,169.0,140.0
243,2018-06-14T14:55:00,139.0,5.232500076293945,80.24561403508773,0.0,0.0375,0.0,0.0,137.0,129.0,148.0,149.0,127.0,150.0,152.0,132.0,164.0,138.0
244,2018-06-14T15:00:00,136.0,4.025000035762787,82.29245283018868,0.0,0.0375,0.0,0.0,139.0,137.0,129.0,148.0,149.0,127.0,150.0,152.0,132.0,146.0
245,2018-06-14T15:05:00,140.0,6.440000116825104,80.88983050847457,6.0,0.0375,0.0,0.0,136.0,139.0,137.0,129.0,148.0,149.0,127.0,150.0,152.0,146.0
246,2018-06-14T15:10:00,138.0,4.105500042438507,78.85964912280701,0.0,0.0375,0.0,0.0,140.0,136.0,139.0,137.0,129.0,148.0,149.0,127.0,150.0,154.0
247,2018-06-14T15:15:00,146.0,4.025000035762787,80.38053097345133,0.0,0.0375,0.0,0.0,138.0,140.0,136.0,139.0,137.0,129.0,148.0,149.0,127.0,145.0
248,2018-06-14T15:20:00,146.0,4.105500042438507,77.72321428571429,0.0,0.0375,0.0,0.0,146.0,138.0,140.0,136.0,139.0,137.0,129.0,148.0,149.0,152.0
249,2018-06-14T15:25:00,154.0,5.474000096321106,77.84761904761905,12.0,0.0375,0.0,0.0,146.0,146.0,138.0,140.0,136.0,139.0,137.0,129.0,148.0,149.0
250,2018-06-14T15:30:00,145.0,7.647500097751617,85.12962962962963,19.0,0.0375,0.0,0.0,154.0,146.0,146.0,138.0,140.0,136.0,139.0,137.0,129.0,138.0
251,2018-06-14T15:35:00,152.0,6.8424999713897705,82.36206896551724,26.0,0.0375,0.0,0.0,145.0,154.0,146.0,146.0,138.0,140.0,136.0,139.0,137.0,155.0
252,2018-06-14T15:40:00,149.0,4.025000035762787,75.95833333333333,0.0,0.0375,0.0,0.0,152.0,145.0,154.0,146.0,146.0,138.0,140.0,136.0,139.0,163.0
253,2018-06-14T15:45:00,138.0,4.025000035762787,76.61538461538461,0.0,0.0375,0.0,0.0,149.0,152.0,145.0,154.0,146.0,146.0,138.0,140.0,136.0,158.0
254,2018-06-14T15:50:00,155.0,4.025000035762787,75.73643410852713,0.0,0.0375,0.0,0.0,138.0,149.0,152.0,145.0,154.0,146.0,146.0,138.0,140.0,177.0
255,2018-06-14T15:55:00,163.0,4.025000035762787,77.05042016806723,0.0,0.0375,0.0,0.0,155.0,138.0,149.0,152.0,145.0,154.0,146.0,146.0,138.0,183.0
256,2018-06-14T16:00:00,158.0,4.025000035762787,77.6864406779661,0.0,0.0375,0.0,0.0,163.0,155.0,138.0,149.0,152.0,145.0,154.0,146.0,146.0,169.0
257,2018-06-14T16:05:00,177.0,4.025000035762787,78.336,0.0,0.0375,0.0,0.0,158.0,163.0,155.0,138.0,149.0,152.0,145.0,154.0,146.0,177.0
258,2018-06-14T16:10:00,183.0,4.186000049114227,80.36585365853658,0.0,0.0375,0.0,0.0,177.0,158.0,163.0,155.0,138.0,149.0,152.0,145.0,154.0,174.0
259,2018-06-14T16:15:00,169.0,9.901499807834623,86.15238095238095,79.0,0.0375,0.0,0.0,183.0,177.0,158.0,163.0,155.0,138.0,149.0,152.0,145.0,159.0
260,2018-06-14T16:20:00,177.0,7.647499859333038,93.24778761061948,22.0,0.0375,0.0,0.0,169.0,183.0,177.0,158.0,163.0,155.0,138.0,149.0,152.0,165.0
261,2018-06-14T16:25:00,174.0,7.566999852657319,96.01904761904764,0.0,0.0375,0.0,0.0,177.0,169.0,183.0,177.0,158.0,163.0,155.0,138.0,149.0,161.0
262,2018-06-14T16:30:00,159.0,10.786999881267548,92.47368421052632,67.0,0.0375,0.0,0.0,174.0,177.0,169.0,183.0,177.0,158.0,163.0,155.0,138.0,150.0
263,2018-06-14T16:35:00,165.0,12.23599982261658,95.8181818181818,101.0,0.0375,0.0,0.0,159.0,174.0,177.0,169.0,183.0,177.0,158.0,163.0,155.0,166.0
264,2018-06-14T16:40:00,161.0,5.071499943733215,100.87121212121212,0.0,0.0375,0.0,0.0,165.0,159.0,174.0,177.0,169.0,183.0,177.0,158.0,163.0,172.0
265,2018-06-14T16:45:00,150.0,7.164499878883362,87.41880341880342,8.0,0.0375,0.0,0.0,161.0,165.0,159.0,174.0,177.0,169.0,183.0,177.0,158.0,196.0
266,2018-06-14T16:50:00,166.0,9.015999853610992,88.73728813559322,53.0,0.0375,0.0,0.0,150.0,161.0,165.0,159.0,174.0,177.0,169.0,183.0,177.0,181.0
267,2018-06-14T16:55:00,172.0,8.53299993276596,97.53383458646616,73.0,0.0375,0.0,0.0,166.0,150.0,161.0,165.0,159.0,174.0,177.0,169.0,183.0,188.0
268,2018-06-14T17:00:00,196.0,4.9105000495910645,100.1981981981982,0.0,0.0916666666666666,0.0,0.0,172.0,166.0,150.0,161.0,165.0,159.0,174.0,177.0,169.0,209.0
269,2018-06-14T17:05:00,181.0,4.347000062465668,85.39024390243902,0.0,0.0916666666666666,0.0,0.0,196.0,172.0,166.0,150.0,161.0,165.0,159.0,174.0,177.0,194.0
270,2018-06-14T17:10:00,188.0,4.186000049114227,84.60833333333333,0.0,0.0916666666666666,0.0,0.0,181.0,196.0,172.0,166.0,150.0,161.0,165.0,159.0,174.0,198.0
271,2018-06-14T17:15:00,209.0,4.025000035762787,85.90090090090091,0.0,0.0916666666666666,0.0,0.0,188.0,181.0,196.0,172.0,166.0,150.0,161.0,165.0,159.0,212.0
272,2018-06-14T17:20:00,194.0,4.508000016212463,87.7090909090909,0.0,0.0916666666666666,0.0,0.0,209.0,188.0,181.0,196.0,172.0,166.0,150.0,161.0,165.0,206.0
273,2018-06-14T17:25:00,198.0,4.749499917030335,88.83783783783784,0.0,0.0916666666666666,0.0,0.0,194.0,209.0,188.0,181.0,196.0,172.0,166.0,150.0,161.0,208.0
274,2018-06-14T17:30:00,212.0,4.99099999666214,91.79824561403508,0.0,0.0916666666666666,0.0,0.0,198.0,194.0,209.0,188.0,181.0,196.0,172.0,166.0,150.0,214.0
275,2018-06-14T17:35:00,206.0,4.266500055789948,85.05932203389831,0.0,0.0916666666666666,0.0,0.0,212.0,198.0,194.0,209.0,188.0,181.0,196.0,172.0,166.0,201.0
276,2018-06-14T17:40:00,208.0,4.668999969959259,86.12173913043478,0.0,0.0916666666666666,0.0,0.0,206.0,212.0,198.0,194.0,209.0,188.0,181.0,196.0,172.0,207.0
277,2018-06-14T17:45:00,214.0,15.858500242233276,97.55704697986576,246.0,0.0916666666666666,0.0,0.0,208.0,206.0,212.0,198.0,194.0,209.0,188.0,181.0,196.0,218.0
278,2018-06-14T17:50:00,201.0,15.13400024175644,100.12738853503184,239.0,0.0916666666666666,0.0,0.0,214.0,208.0,206.0,212.0,198.0,194.0,209.0,188.0,181.0,206.0
279,2018-06-14T17:55:00,207.0,4.588499963283539,92.7448275862069,0.0,0.0916666666666666,0.0,0.0,201.0,214.0,208.0,206.0,212.0,198.0,194.0,209.0,188.0,201.0
280,2018-06-14T18:00:00,218.0,11.269999861717224,87.3963963963964,24.0,0.0916666666666666,0.0,0.0,207.0,201.0,214.0,208.0,206.0,212.0,198.0,194.0,209.0,216.0
281,2018-06-14T18:05:00,206.0,11.591999769210815,91.91743119266054,80.0,0.0916666666666666,0.0,0.0,218.0,207.0,201.0,214.0,208.0,206.0,212.0,198.0,194.0,199.0
282,2018-06-14T18:10:00,201.0,9.257499933242798,94.34482758620688,84.0,0.0916666666666666,0.0,0.0,206.0,218.0,207.0,201.0,214.0,208.0,206.0,212.0,198.0,200.0
283,2018-06-14T18:15:00,216.0,13.926500082015991,94.17985611510792,197.0,0.0916666666666666,0.0,0.0,201.0,206.0,218.0,207.0,201.0,214.0,208.0,206.0,212.0,220.0
284,2018-06-14T18:20:00,199.0,5.715499997138977,88.55645161290323,0.0,0.0916666666666666,0.0,0.0,216.0,201.0,206.0,218.0,207.0,201.0,214.0,208.0,206.0,202.0
285,2018-06-14T18:25:00,200.0,8.049999952316284,88.08771929824562,6.0,0.0916666666666666,0.0,0.0,199.0,216.0,201.0,206.0,218.0,207.0,201.0,214.0,208.0,207.0
286,2018-06-14T18:30:00,220.0,5.876499950885773,94.08695652173913,0.0,0.0916666666666666,0.0,0.0,200.0,199.0,216.0,201.0,206.0,218.0,207.0,201.0,214.0,219.0
287,2018-06-14T18:35:00,202.0,7.647499918937684,95.21238938053098,0.0,0.0916666666666666,0.0,0.0,220.0,200.0,199.0,216.0,201.0,206.0,218.0,207.0,201.0,207.0
288,2018-06-14T18:40:00,207.0,14.570499897003174,104.62096774193547,145.0,0.0916666666666666,0.0,0.0,202.0,220.0,200.0,199.0,216.0,201.0,206.0,218.0,207.0,209.0
289,2018-06-14T18:45:00,219.0,18.19300007820129,111.23741007194243,227.0,0.0916666666666666,0.8,1.0,207.0,202.0,220.0,200.0,199.0,216.0,201.0,206.0,218.0,232.0
290,2018-06-14T18:50:00,207.0,4.507999956607819,91.71304347826089,0.0,0.0916666666666666,0.0,0.0,219.0,207.0,202.0,220.0,200.0,199.0,216.0,201.0,206.0,201.0
291,2018-06-14T18:55:00,209.0,4.105500042438507,85.43697478991596,0.0,0.0916666666666666,0.0,0.0,207.0,219.0,207.0,202.0,220.0,200.0,199.0,216.0,201.0,203.0
292,2018-06-14T19:00:00,232.0,4.025000035762787,81.54054054054055,0.0,0.075,0.0,0.0,209.0,207.0,219.0,207.0,202.0,220.0,200.0,199.0,216.0,251.0
293,2018-06-14T19:05:00,201.0,4.105500042438507,84.5,0.0,0.075,0.0,0.0,232.0,209.0,207.0,219.0,207.0,202.0,220.0,200.0,199.0,208.0
294,2018-06-14T19:10:00,203.0,4.025000035762787,85.30645161290323,0.0,0.075,0.0,0.0,201.0,232.0,209.0,207.0,219.0,207.0,202.0,220.0,200.0,213.0
295,2018-06-14T19:15:00,251.0,4.105500042438507,84.55084745762711,0.0,0.075,0.0,0.0,203.0,201.0,232.0,209.0,207.0,219.0,207.0,202.0,220.0,270.0
296,2018-06-14T19:20:00,208.0,5.473999977111816,85.464,10.0,0.075,0.0,0.0,251.0,203.0,201.0,232.0,209.0,207.0,219.0,207.0,202.0,225.0
297,2018-06-14T19:25:00,213.0,4.105500042438507,84.72881355932203,0.0,0.075,0.0,0.0,208.0,251.0,203.0,201.0,232.0,209.0,207.0,219.0,207.0,224.0
298,2018-06-14T19:30:00,270.0,5.312999963760376,85.98319327731092,0.0,0.075,0.0,0.0,213.0,208.0,251.0,203.0,201.0,232.0,209.0,207.0,219.0,271.0
299,2018-06-14T19:35:00,225.0,9.821000158786772,86.65891472868218,141.0,0.075,0.0,0.0,270.0,213.0,208.0,251.0,203.0,201.0,232.0,209.0,207.0,227.0
300,2018-06-14T19:40:00,224.0,9.740499913692474,88.92307692307692,143.0,0.075,0.0,0.0,225.0,270.0,213.0,208.0,251.0,203.0,201.0,232.0,209.0,237.0
301,2018-06-14T19:45:00,271.0,14.167999863624573,105.30882352941175,146.0,0.075,0.0,0.0,224.0,225.0,270.0,213.0,208.0,251.0,203.0,201.0,232.0,258.0
302,2018-06-14T19:50:00,227.0,4.99099987745285,95.20714285714286,0.0,0.075,0.0,0.0,271.0,224.0,225.0,270.0,213.0,208.0,251.0,203.0,201.0,230.0
303,2018-06-14T19:55:00,237.0,4.266500055789948,86.38260869565218,0.0,0.075,0.0,0.0,227.0,271.0,224.0,225.0,270.0,213.0,208.0,251.0,203.0,227.0
304,2018-06-14T20:00:00,258.0,4.105500042438507,86.45454545454545,0.0,0.075,0.0,0.0,237.0,227.0,271.0,224.0,225.0,270.0,213.0,208.0,251.0,241.0
305,2018-06-14T20:05:00,230.0,4.427500009536743,88.42105263157895,0.0,0.075,0.5,0.0,258.0,237.0,227.0,271.0,224.0,225.0,270.0,213.0,208.0,225.0
306,2018-06-14T20:10:00,227.0,4.910499930381775,89.94262295081967,0.0,0.075,0.0,0.0,230.0,258.0,237.0,227.0,271.0,224.0,225.0,270.0,213.0,219.0
307,2018-06-14T20:15:00,241.0,4.507999956607819,89.10434782608695,0.0,0.075,0.0,0.0,227.0,230.0,258.0,237.0,227.0,271.0,224.0,225.0,270.0,229.0
308,2018-06-14T20:20:00,225.0,9.176999986171722,99.52100840336136,76.0,0.075,0.0,0.0,241.0,227.0,230.0,258.0,237.0,227.0,271.0,224.0,225.0,212.0
309,2018-06-14T20:25:00,219.0,8.291499853134155,101.96521739130436,19.0,0.075,0.0,0.0,225.0,241.0,227.0,230.0,258.0,237.0,227.0,271.0,224.0,211.0
310,2018-06-14T20:30:00,229.0,9.498999834060667,102.7948717948718,12.0,0.075,0.0,0.0,219.0,225.0,241.0,227.0,230.0,258.0,237.0,227.0,271.0,207.0
311,2018-06-14T20:35:00,212.0,4.9105000495910645,98.8030303030303,0.0,0.075,0.0,0.0,229.0,219.0,225.0,241.0,227.0,230.0,258.0,237.0,227.0,201.0
312,2018-06-14T20:40:00,211.0,13.282500207424164,98.0,231.0,0.075,0.0,0.0,212.0,229.0,219.0,225.0,241.0,227.0,230.0,258.0,237.0,195.0
313,2018-06-14T20:45:00,207.0,21.252000331878666,98.515873015873,432.0,0.075,0.0,0.0,211.0,212.0,229.0,219.0,225.0,241.0,227.0,230.0,258.0,176.0
314,2018-06-14T20:50:00,201.0,20.6080002784729,101.28275862068963,416.0,0.075,0.0,0.0,207.0,211.0,212.0,229.0,219.0,225.0,241.0,227.0,230.0,181.0
315,2018-06-14T20:55:00,195.0,19.48099994659424,104.11333333333332,391.0,0.075,0.0,0.0,201.0,207.0,211.0,212.0,229.0,219.0,225.0,241.0,227.0,173.0
316,2018-06-14T21:00:00,176.0,23.98899984359741,114.1497005988024,478.0,0.0583333333333333,0.0,0.0,195.0,201.0,207.0,211.0,212.0,229.0,219.0,225.0,241.0,143.0
317,2018-06-14T21:05:00,181.0,22.378999710083008,109.49032258064516,449.0,0.0583333333333333,0.0,0.0,176.0,195.0,201.0,207.0,211.0,212.0,229.0,219.0,225.0,154.0
318,2018-06-14T21:10:00,173.0,17.870999813079834,98.24489795918367,321.0,0.0583333333333333,0.0,0.0,181.0,176.0,195.0,201.0,207.0,211.0,212.0,229.0,219.0,144.0
319,2018-06-14T21:15:00,143.0,17.22699999809265,98.83211678832116,286.0,0.0583333333333333,0.0,0.0,173.0,181.0,176.0,195.0,201.0,207.0,211.0,212.0,229.0,134.0
320,2018-06-14T21:20:00,154.0,4.588499963283539,89.15833333333333,0.0,0.0583333333333333,0.0,0.0,143.0,173.0,181.0,176.0,195.0,201.0,207.0,211.0,212.0,136.0
321,2018-06-14T21:25:00,144.0,4.830000042915344,90.85123966942147,0.0,0.0583333333333333,0.0,0.0,154.0,143.0,173.0,181.0,176.0,195.0,201.0,207.0,211.0,134.0
322,2018-06-14T21:30:00,134.0,4.508000075817108,89.74615384615385,0.0,0.0583333333333333,0.0,0.0,144.0,154.0,143.0,173.0,181.0,176.0,195.0,201.0,207.0,156.0
323,2018-06-14T21:35:00,136.0,4.508000016212463,89.47008547008546,0.0,0.0583333333333333,4.0,4.0,134.0,144.0,154.0,143.0,173.0,181.0,176.0,195.0,201.0,139.0
324,2018-06-14T21:40:00,134.0,4.588500022888184,89.21951219512195,0.0,0.0583333333333333,0.0,0.0,136.0,134.0,144.0,154.0,143.0,173.0,181.0,176.0,195.0,143.0
325,2018-06-14T21:45:00,156.0,4.508000075817108,88.616,0.0,0.0583333333333333,0.0,0.0,134.0,136.0,134.0,144.0,154.0,143.0,173.0,181.0,176.0,183.0
326,2018-06-14T21:50:00,139.0,4.668999969959259,88.37404580152672,0.0,0.0583333333333333,0.0,0.0,156.0,134.0,136.0,134.0,144.0,154.0,143.0,173.0,181.0,151.0
327,2018-06-14T21:55:00,143.0,4.025000035762787,87.21186440677967,0.0,0.0583333333333333,0.0,0.0,139.0,156.0,134.0,136.0,134.0,144.0,154.0,143.0,173.0,147.0
328,2018-06-14T22:00:00,183.0,4.749500036239624,89.784,0.0,0.0583333333333333,0.0,0.0,143.0,139.0,156.0,134.0,136.0,134.0,144.0,154.0,143.0,185.0
329,2018-06-14T22:05:00,151.0,4.508000016212463,88.41379310344827,0.0,0.0583333333333333,0.0,0.0,183.0,143.0,139.0,156.0,134.0,136.0,134.0,144.0,154.0,146.0
330,2018-06-14T22:10:00,147.0,5.634999990463257,86.1025641025641,10.0,0.0583333333333333,0.0,0.0,151.0,183.0,143.0,139.0,156.0,134.0,136.0,134.0,144.0,144.0
331,2018-06-14T22:15:00,185.0,4.186000049114227,87.1413043478261,0.0,0.0583333333333333,0.0,0.0,147.0,151.0,183.0,143.0,139.0,156.0,134.0,136.0,134.0,140.0
332,2018-06-14T22:20:00,146.0,4.749500036239624,96.36363636363636,0.0,0.0583333333333333,0.0,0.0,185.0,147.0,151.0,183.0,143.0,139.0,156.0,134.0,136.0,132.0
333,2018-06-14T22:25:00,144.0,4.99099999666214,94.46788990825688,0.0,0.0,0.0,0.0,146.0,185.0,147.0,151.0,183.0,143.0,139.0,156.0,134.0,126.0
334,2018-06-14T22:30:00,140.0,4.669000089168549,99.01709401709402,0.0,0.0,0.0,0.0,144.0,146.0,185.0,147.0,151.0,183.0,143.0,139.0,156.0,120.0
335,2018-06-14T22:35:00,132.0,4.830000102519989,99.71666666666668,0.0,0.0,0.0,0.0,140.0,144.0,146.0,185.0,147.0,151.0,183.0,143.0,139.0,119.0
336,2018-06-14T22:40:00,126.0,4.749500036239624,94.00833333333334,0.0,0.0,0.0,0.0,132.0,140.0,144.0,146.0,185.0,147.0,151.0,183.0,143.0,114.0
337,2018-06-14T22:45:00,120.0,5.151999890804291,97.18852459016394,0.0,0.0,0.0,0.0,126.0,132.0,140.0,144.0,146.0,185.0,147.0,151.0,183.0,97.0
338,2018-06-14T22:50:00,119.0,9.740500092506409,99.4453125,118.0,0.0,0.0,0.0,120.0,126.0,132.0,140.0,144.0,146.0,185.0,147.0,151.0,107.0
339,2018-06-14T22:55:00,114.0,21.81550025939941,112.96268656716418,359.0,0.0,0.0,0.0,119.0,120.0,126.0,132.0,140.0,144.0,146.0,185.0,147.0,102.0
340,2018-06-14T23:00:00,97.0,20.76900005340576,120.85123966942147,130.0,0.0,0.0,0.0,114.0,119.0,120.0,126.0,132.0,140.0,144.0,146.0,185.0,93.0
341,2018-06-14T23:05:00,107.0,29.46300053596497,136.34285714285716,383.0,0.0,0.0,0.0,97.0,114.0,119.0,120.0,126.0,132.0,140.0,144.0,146.0,95.0
342,2018-06-14T23:10:00,102.0,27.20900011062622,129.515873015873,454.0,0.0,0.0,0.0,107.0,97.0,114.0,119.0,120.0,126.0,132.0,140.0,144.0,96.0
343,2018-06-14T23:15:00,93.0,27.0479998588562,130.92156862745097,267.0,0.0,0.0,0.0,102.0,107.0,97.0,114.0,119.0,120.0,126.0,132.0,140.0,131.0
344,2018-06-14T23:20:00,95.0,12.558000087738035,104.92125984251967,120.0,0.0,0.0,0.0,93.0,102.0,107.0,97.0,114.0,119.0,120.0,126.0,132.0,108.0
345,2018-06-14T23:25:00,96.0,12.638500213623049,111.95327102803738,22.0,0.0583333333333333,0.0,0.0,95.0,93.0,102.0,107.0,97.0,114.0,119.0,120.0,126.0,113.0
346,2018-06-14T23:30:00,131.0,7.325499951839447,107.0909090909091,38.0,0.0583333333333333,0.0,0.0,96.0,95.0,93.0,102.0,107.0,97.0,114.0,119.0,120.0,144.0
347,2018-06-14T23:35:00,108.0,5.071499943733215,102.198347107438,0.0,0.0583333333333333,0.0,0.0,131.0,96.0,95.0,93.0,102.0,107.0,97.0,114.0,119.0,129.0
348,2018-06-14T23:40:00,113.0,9.096499919891356,107.125,41.0,0.0583333333333333,0.0,0.0,108.0,131.0,96.0,95.0,93.0,102.0,107.0,97.0,114.0,138.0
349,2018-06-14T23:45:00,144.0,12.638499975204468,105.53211009174312,97.0,0.0583333333333333,0.0,0.0,113.0,108.0,131.0,96.0,95.0,93.0,102.0,107.0,97.0,183.0
350,2018-06-14T23:50:00,129.0,4.588500022888184,102.49579831932772,0.0,0.0583333333333333,0.0,0.0,144.0,113.0,108.0,131.0,96.0,95.0,93.0,102.0,107.0,159.0
351,2018-06-14T23:55:00,138.0,4.588500022888184,103.13592233009707,0.0,0.0583333333333333,0.0,0.0,129.0,144.0,113.0,108.0,131.0,96.0,95.0,93.0,102.0,169.0
352,2018-06-15T00:00:00,183.0,4.830000102519989,91.3577981651376,0.0,0.0708333333333333,0.0,0.0,138.0,129.0,144.0,113.0,108.0,131.0,96.0,95.0,93.0,188.0
353,2018-06-15T00:05:00,159.0,7.325499892234803,93.92424242424242,0.0,0.0708333333333333,0.0,0.0,183.0,138.0,129.0,144.0,113.0,108.0,131.0,96.0,95.0,176.0
354,2018-06-15T00:10:00,169.0,4.347000062465668,94.15929203539822,0.0,0.0708333333333333,0.0,0.0,159.0,183.0,138.0,129.0,144.0,113.0,108.0,131.0,96.0,186.0
355,2018-06-15T00:15:00,188.0,4.427500009536743,91.67796610169492,0.0,0.0708333333333333,0.0,0.0,169.0,159.0,183.0,138.0,129.0,144.0,113.0,108.0,131.0,210.0
356,2018-06-15T00:20:00,176.0,4.347000062465668,92.89915966386556,0.0,0.0708333333333333,0.0,0.0,188.0,169.0,159.0,183.0,138.0,129.0,144.0,113.0,108.0,209.0
357,2018-06-15T00:25:00,186.0,4.427500009536743,95.51639344262296,0.0,0.0708333333333333,0.0,0.0,176.0,188.0,169.0,159.0,183.0,138.0,129.0,144.0,113.0,218.0
358,2018-06-15T00:30:00,210.0,5.071499943733215,95.9430894308943,0.0,0.0708333333333333,0.0,0.0,186.0,176.0,188.0,169.0,159.0,183.0,138.0,129.0,144.0,255.0
359,2018-06-15T00:35:00,209.0,4.025000035762787,96.01538461538462,0.0,0.0708333333333333,0.0,0.0,210.0,186.0,176.0,188.0,169.0,159.0,183.0,138.0,129.0,237.0
360,2018-06-15T00:40:00,218.0,4.186000049114227,95.94871794871794,0.0,0.0708333333333333,0.0,0.0,209.0,210.0,186.0,176.0,188.0,169.0,159.0,183.0,138.0,245.0
361,2018-06-15T00:45:00,255.0,4.025000035762787,95.06896551724138,0.0,0.0708333333333333,0.0,0.0,218.0,209.0,210.0,186.0,176.0,188.0,169.0,159.0,183.0,286.0
362,2018-06-15T00:50:00,237.0,4.025000035762787,97.52671755725191,0.0,0.0708333333333333,0.0,0.0,255.0,218.0,209.0,210.0,186.0,176.0,188.0,169.0,159.0,257.0
363,2018-06-15T00:55:00,245.0,4.025000035762787,100.7163120567376,0.0,0.0708333333333333,0.0,0.0,237.0,255.0,218.0,209.0,210.0,186.0,176.0,188.0,169.0,265.0
364,2018-06-15T01:00:00,286.0,4.186000049114227,101.52941176470588,0.0,0.0708333333333333,0.0,0.0,245.0,237.0,255.0,218.0,209.0,210.0,186.0,176.0,188.0,310.0
365,2018-06-15T01:05:00,257.0,4.669000089168549,100.54109589041096,0.0,0.0708333333333333,0.0,0.0,286.0,245.0,237.0,255.0,218.0,209.0,210.0,186.0,176.0,280.0
366,2018-06-15T01:10:00,265.0,4.588500022888184,99.7841726618705,0.0,0.0708333333333333,0.0,0.0,257.0,286.0,245.0,237.0,255.0,218.0,209.0,210.0,186.0,290.0
367,2018-06-15T01:15:00,310.0,4.025000035762787,101.91603053435117,0.0,0.0708333333333333,0.0,0.0,265.0,257.0,286.0,245.0,237.0,255.0,218.0,209.0,210.0,340.0
368,2018-06-15T01:20:00,280.0,4.347000062465668,102.67669172932332,0.0,0.0708333333333333,0.0,0.0,310.0,265.0,257.0,286.0,245.0,237.0,255.0,218.0,209.0,306.0
369,2018-06-15T01:25:00,290.0,4.9105000495910645,99.96078431372548,0.0,0.0708333333333333,0.0,0.0,280.0,310.0,265.0,257.0,286.0,245.0,237.0,255.0,218.0,316.0
370,2018-06-15T01:30:00,340.0,4.266499996185303,98.9153846153846,0.0,0.0708333333333333,0.0,0.0,290.0,280.0,310.0,265.0,257.0,286.0,245.0,237.0,255.0,365.0
371,2018-06-15T01:35:00,306.0,4.186000049114227,97.48031496062993,0.0,0.0708333333333333,0.0,0.0,340.0,290.0,280.0,310.0,265.0,257.0,286.0,245.0,237.0,321.0
372,2018-06-15T01:40:00,316.0,4.266499996185303,95.44715447154472,0.0,0.0708333333333333,1.0,0.0,306.0,340.0,290.0,280.0,310.0,265.0,257.0,286.0,245.0,319.0
373,2018-06-15T01:45:00,365.0,5.071499943733215,98.99130434782607,0.0,0.0708333333333333,1.5,0.0,316.0,306.0,340.0,290.0,280.0,310.0,265.0,257.0,286.0,291.0
374,2018-06-15T01:50:00,321.0,4.507999956607819,96.84297520661156,0.0,0.0708333333333333,0.0,0.0,365.0,316.0,306.0,340.0,290.0,280.0,310.0,265.0,257.0,317.0
375,2018-06-15T01:55:00,319.0,4.025000035762787,96.04464285714286,0.0,0.0708333333333333,0.0,0.0,321.0,365.0,316.0,306.0,340.0,290.0,280.0,310.0,265.0,315.0
376,2018-06-15T02:00:00,291.0,4.025000035762787,94.79661016949152,0.0,0.0708333333333333,0.0,0.0,319.0,321.0,365.0,316.0,306.0,340.0,290.0,280.0,310.0,260.0
377,2018-06-15T02:05:00,317.0,4.025000035762787,92.421875,0.0,0.0708333333333333,0.0,0.0,291.0,319.0,321.0,365.0,316.0,306.0,340.0,290.0,280.0,313.0
378,2018-06-15T02:10:00,315.0,4.186000049114227,88.83846153846154,0.0,0.0708333333333333,0.0,0.0,317.0,291.0,319.0,321.0,365.0,316.0,306.0,340.0,290.0,312.0
379,2018-06-15T02:15:00,260.0,4.025000035762787,89.23308270676692,0.0,0.0708333333333333,0.0,0.0,315.0,317.0,291.0,319.0,321.0,365.0,316.0,306.0,340.0,275.0
380,2018-06-15T02:20:00,313.0,4.025000035762787,88.30645161290323,0.0,0.0708333333333333,0.0,0.0,260.0,315.0,317.0,291.0,319.0,321.0,365.0,316.0,306.0,309.0
381,2018-06-15T02:25:00,312.0,4.025000035762787,89.93798449612403,0.0,0.0708333333333333,0.0,0.0,313.0,260.0,315.0,317.0,291.0,319.0,321.0,365.0,316.0,322.0
382,2018-06-15T02:30:00,275.0,4.025000035762787,90.408,0.0,0.0708333333333333,0.0,0.0,312.0,313.0,260.0,315.0,317.0,291.0,319.0,321.0,365.0,335.0
383,2018-06-15T02:35:00,309.0,4.025000035762787,93.65546218487395,0.0,0.0708333333333333,0.0,0.0,275.0,312.0,313.0,260.0,315.0,317.0,291.0,319.0,321.0,342.0
384,2018-06-15T02:40:00,322.0,4.025000035762787,95.27678571428572,0.0,0.0708333333333333,0.0,0.0,309.0,275.0,312.0,313.0,260.0,315.0,317.0,291.0,319.0,349.0
385,2018-06-15T02:45:00,335.0,4.025000035762787,100.515873015873,0.0,0.0708333333333333,0.0,0.0,322.0,309.0,275.0,312.0,313.0,260.0,315.0,317.0,291.0,356.0
386,2018-06-15T02:50:00,342.0,4.588500022888184,97.5859375,0.0,0.0708333333333333,0.0,0.0,335.0,322.0,309.0,275.0,312.0,313.0,260.0,315.0,317.0,348.0
387,2018-06-15T02:55:00,349.0,4.186000049114227,90.90983606557376,0.0,0.0708333333333333,0.0,0.0,342.0,335.0,322.0,309.0,275.0,312.0,313.0,260.0,315.0,340.0
388,2018-06-15T03:00:00,356.0,4.025000035762787,88.30882352941177,0.0,0.0541666666666666,0.0,0.0,349.0,342.0,335.0,322.0,309.0,275.0,312.0,313.0,260.0,332.0
389,2018-06-15T03:05:00,348.0,4.186000049114227,90.23489932885906,0.0,0.0541666666666666,0.0,0.0,356.0,349.0,342.0,335.0,322.0,309.0,275.0,312.0,313.0,325.0
390,2018-06-15T03:10:00,340.0,4.025000035762787,91.20567375886525,0.0,0.0541666666666666,0.0,0.0,348.0,356.0,349.0,342.0,335.0,322.0,309.0,275.0,312.0,318.0
391,2018-06-15T03:15:00,332.0,4.025000035762787,90.4308943089431,0.0,0.0541666666666666,0.0,0.0,340.0,348.0,356.0,349.0,342.0,335.0,322.0,309.0,275.0,311.0
392,2018-06-15T03:20:00,325.0,4.025000035762787,90.26896551724138,0.0,0.0541666666666666,0.0,0.0,332.0,340.0,348.0,356.0,349.0,342.0,335.0,322.0,309.0,303.3333333333333
393,2018-06-15T03:25:00,318.0,4.668999969959259,91.568345323741,0.0,0.0541666666666666,0.0,0.0,325.0,332.0,340.0,348.0,356.0,349.0,342.0,335.0,322.0,295.6666666666667
394,2018-06-15T03:30:00,311.0,4.025000035762787,86.109375,0.0,0.0541666666666666,0.0,0.0,318.0,325.0,332.0,340.0,348.0,356.0,349.0,342.0,335.0,288.0
395,2018-06-15T03:35:00,303.3333333333333,4.025000035762787,83.39655172413794,0.0,0.0541666666666666,0.0,0.0,311.0,318.0,325.0,332.0,340.0,348.0,356.0,349.0,342.0,280.3333333333333
396,2018-06-15T03:40:00,295.6666666666667,4.025000035762787,82.5625,0.0,0.0541666666666666,0.0,0.0,303.3333333333333,311.0,318.0,325.0,332.0,340.0,348.0,356.0,349.0,272.6666666666667
397,2018-06-15T03:45:00,288.0,4.025000035762787,81.63063063063063,0.0,0.0541666666666666,0.0,0.0,295.6666666666667,303.3333333333333,311.0,318.0,325.0,332.0,340.0,348.0,356.0,265.0
398,2018-06-15T03:50:00,280.3333333333333,4.025000035762787,82.35779816513761,0.0,0.0541666666666666,0.0,0.0,288.0,295.6666666666667,303.3333333333333,311.0,318.0,325.0,332.0,340.0,348.0,257.6666666666667
399,2018-06-15T03:55:00,272.6666666666667,4.025000035762787,78.89430894308943,0.0,0.0541666666666666,0.0,0.0,280.3333333333333,288.0,295.6666666666667,303.3333333333333,311.0,318.0,325.0,332.0,340.0,250.33333333333331
400,2018-06-15T04:00:00,265.0,4.025000035762787,77.32,0.0,0.0541666666666666,0.0,0.0,272.6666666666667,280.3333333333333,288.0,295.6666666666667,303.3333333333333,311.0,318.0,325.0,332.0,243.0
401,2018-06-15T04:05:00,257.6666666666667,4.025000035762787,76.51219512195122,0.0,0.0541666666666666,0.0,0.0,265.0,272.6666666666667,280.3333333333333,288.0,295.6666666666667,303.3333333333333,311.0,318.0,325.0,237.66666666666663
402,2018-06-15T04:10:00,250.33333333333331,4.025000035762787,75.95652173913044,0.0,0.0541666666666666,0.0,0.0,257.6666666666667,265.0,272.6666666666667,280.3333333333333,288.0,295.6666666666667,303.3333333333333,311.0,318.0,232.33333333333331
403,2018-06-15T04:15:00,243.0,4.025000035762787,73.84552845528455,0.0,0.0541666666666666,0.0,0.0,250.33333333333331,257.6666666666667,265.0,272.6666666666667,280.3333333333333,288.0,295.6666666666667,303.3333333333333,311.0,227.0
404,2018-06-15T04:20:00,237.66666666666663,4.025000035762787,75.45384615384616,0.0,0.0541666666666666,0.0,0.0,243.0,250.33333333333331,257.6666666666667,265.0,272.6666666666667,280.3333333333333,288.0,295.6666666666667,303.3333333333333,226.0
405,2018-06-15T04:25:00,232.33333333333331,4.025000035762787,75.85714285714286,0.0,0.0541666666666666,0.0,0.0,237.66666666666663,243.0,250.33333333333331,257.6666666666667,265.0,272.6666666666667,280.3333333333333,288.0,295.6666666666667,225.0
406,2018-06-15T04:30:00,227.0,4.025000035762787,76.09022556390977,0.0,0.0541666666666666,0.0,0.0,232.33333333333331,237.66666666666663,243.0,250.33333333333331,257.6666666666667,265.0,272.6666666666667,280.3333333333333,288.0,224.0
407,2018-06-15T04:35:00,226.0,4.025000035762787,77.3923076923077,0.0,0.0541666666666666,0.0,0.0,227.0,232.33333333333331,237.66666666666663,243.0,250.33333333333331,257.6666666666667,265.0,272.6666666666667,280.3333333333333,211.0
408,2018-06-15T04:40:00,225.0,4.025000035762787,77.23484848484848,0.0,0.0541666666666666,0.0,0.0,226.0,227.0,232.33333333333331,237.66666666666663,243.0,250.33333333333331,257.6666666666667,265.0,272.6666666666667,198.0
409,2018-06-15T04:45:00,224.0,4.186000049114227,79.2566371681416,0.0,0.0541666666666666,0.0,0.0,225.0,226.0,227.0,232.33333333333331,237.66666666666663,243.0,250.33333333333331,257.6666666666667,265.0,168.0
410,2018-06-15T04:50:00,211.0,5.715499937534332,85.88073394495413,0.0,0.0541666666666666,0.0,0.0,224.0,225.0,226.0,227.0,232.33333333333331,237.66666666666663,243.0,250.33333333333331,257.6666666666667,184.0
411,2018-06-15T04:55:00,198.0,4.266500055789948,81.83478260869565,0.0,0.0541666666666666,0.0,0.0,211.0,224.0,225.0,226.0,227.0,232.33333333333331,237.66666666666663,243.0,250.33333333333331,186.0
412,2018-06-15T05:00:00,168.0,4.025000035762787,77.75206611570248,0.0,0.0416666666666666,0.0,0.0,198.0,211.0,224.0,225.0,226.0,227.0,232.33333333333331,237.66666666666663,243.0,148.0
413,2018-06-15T05:05:00,184.0,4.105500042438507,70.67441860465117,0.0,0.0416666666666666,0.0,0.0,168.0,198.0,211.0,224.0,225.0,226.0,227.0,232.33333333333331,237.66666666666663,181.0
414,2018-06-15T05:10:00,186.0,4.025000035762787,69.79338842975207,0.0,0.0416666666666666,0.0,0.0,184.0,168.0,198.0,211.0,224.0,225.0,226.0,227.0,232.33333333333331,180.0
415,2018-06-15T05:15:00,148.0,4.025000035762787,67.93798449612403,0.0,0.0416666666666666,0.0,0.0,186.0,184.0,168.0,198.0,211.0,224.0,225.0,226.0,227.0,139.0
416,2018-06-15T05:20:00,181.0,4.025000035762787,68.67716535433071,0.0,0.0416666666666666,0.0,0.0,148.0,186.0,184.0,168.0,198.0,211.0,224.0,225.0,226.0,174.0
417,2018-06-15T05:25:00,180.0,4.025000035762787,68.14285714285714,0.0,0.0416666666666666,0.0,0.0,181.0,148.0,186.0,184.0,168.0,198.0,211.0,224.0,225.0,166.0
418,2018-06-15T05:30:00,139.0,4.025000035762787,71.82926829268293,0.0,0.0416666666666666,0.0,0.0,180.0,181.0,148.0,186.0,184.0,168.0,198.0,211.0,224.0,129.0
419,2018-06-15T05:35:00,174.0,4.105500042438507,69.47107438016529,0.0,0.0416666666666666,0.0,0.0,139.0,180.0,181.0,148.0,186.0,184.0,168.0,198.0,211.0,157.0
420,2018-06-15T05:40:00,166.0,4.025000035762787,68.58333333333333,0.0,0.0416666666666666,0.0,0.0,174.0,139.0,180.0,181.0,148.0,186.0,184.0,168.0,198.0,153.0
421,2018-06-15T05:45:00,129.0,4.025000035762787,67.87903225806451,0.0,0.0416666666666666,0.0,0.0,166.0,174.0,139.0,180.0,181.0,148.0,186.0,184.0,168.0,117.0
422,2018-06-15T05:50:00,157.0,4.105500042438507,69.8030303030303,0.0,0.0416666666666666,0.0,0.0,129.0,166.0,174.0,139.0,180.0,181.0,148.0,186.0,184.0,148.0
423,2018-06-15T05:55:00,153.0,4.025000035762787,68.88983050847457,0.0,0.0416666666666666,0.0,0.0,157.0,129.0,166.0,174.0,139.0,180.0,181.0,148.0,186.0,146.0
424,2018-06-15T06:00:00,117.0,4.025000035762787,70.6864406779661,0.0,0.0416666666666666,0.0,0.0,153.0,157.0,129.0,166.0,174.0,139.0,180.0,181.0,148.0,125.0
425,2018-06-15T06:05:00,148.0,4.025000035762787,73.35087719298245,0.0,0.0416666666666666,0.0,0.0,117.0,153.0,157.0,129.0,166.0,174.0,139.0,180.0,181.0,143.0
426,2018-06-15T06:10:00,146.0,4.025000035762787,74.30701754385964,0.0,0.0416666666666666,0.0,0.0,148.0,117.0,153.0,157.0,129.0,166.0,174.0,139.0,180.0,145.0
427,2018-06-15T06:15:00,125.0,4.025000035762787,75.09302325581395,0.0,0.0416666666666666,0.0,0.0,146.0,148.0,117.0,153.0,157.0,129.0,166.0,174.0,139.0,122.0
428,2018-06-15T06:20:00,143.0,4.025000035762787,71.91338582677166,0.0,0.0416666666666666,0.0,0.0,125.0,146.0,148.0,117.0,153.0,157.0,129.0,166.0,174.0,140.0
429,2018-06-15T06:25:00,145.0,4.025000035762787,68.39344262295081,0.0,0.0416666666666666,0.0,0.0,143.0,125.0,146.0,148.0,117.0,153.0,157.0,129.0,166.0,133.0
430,2018-06-15T06:30:00,122.0,4.025000035762787,73.50833333333334,0.0,0.0416666666666666,0.0,0.0,145.0,143.0,125.0,146.0,148.0,117.0,153.0,157.0,129.0,105.0
431,2018-06-15T06:35:00,140.0,4.025000035762787,68.58870967741936,0.0,0.0416666666666666,0.0,0.0,122.0,145.0,143.0,125.0,146.0,148.0,117.0,153.0,157.0,125.0
432,2018-06-15T06:40:00,133.0,4.025000035762787,69.07563025210084,0.0,0.0416666666666666,0.0,0.0,140.0,122.0,145.0,143.0,125.0,146.0,148.0,117.0,153.0,123.0
433,2018-06-15T06:45:00,105.0,4.025000035762787,69.83870967741936,0.0,0.0416666666666666,0.0,0.0,133.0,140.0,122.0,145.0,143.0,125.0,146.0,148.0,117.0,106.0
434,2018-06-15T06:50:00,125.0,4.025000035762787,70.13513513513513,0.0,0.0416666666666666,0.0,0.0,105.0,133.0,140.0,122.0,145.0,143.0,125.0,146.0,148.0,122.0
435,2018-06-15T06:55:00,123.0,4.025000035762787,70.54621848739495,0.0,0.0416666666666666,0.0,0.0,125.0,105.0,133.0,140.0,122.0,145.0,143.0,125.0,146.0,122.0
436,2018-06-15T07:00:00,106.0,4.025000035762787,71.13953488372093,0.0,0.0416666666666666,0.0,0.0,123.0,125.0,105.0,133.0,140.0,122.0,145.0,143.0,125.0,109.0
437,2018-06-15T07:05:00,122.0,4.105500042438507,72.70149253731343,0.0,0.0416666666666666,0.0,0.0,106.0,123.0,125.0,105.0,133.0,140.0,122.0,145.0,143.0,118.0
438,2018-06-15T07:10:00,122.0,4.105500042438507,72.86290322580645,0.0,0.0416666666666666,0.0,0.0,122.0,106.0,123.0,125.0,105.0,133.0,140.0,122.0,145.0,118.0
439,2018-06-15T07:15:00,109.0,4.025000035762787,70.4957264957265,0.0,0.0416666666666666,0.0,0.0,122.0,122.0,106.0,123.0,125.0,105.0,133.0,140.0,122.0,106.0
440,2018-06-15T07:20:00,118.0,4.025000035762787,69.43362831858407,0.0,0.0416666666666666,0.0,0.0,109.0,122.0,122.0,106.0,123.0,125.0,105.0,133.0,140.0,115.0
441,2018-06-15T07:25:00,118.0,4.025000035762787,70.53097345132744,0.0,0.0416666666666666,0.0,0.0,118.0,109.0,122.0,122.0,106.0,123.0,125.0,105.0,133.0,116.0
442,2018-06-15T07:30:00,106.0,4.025000035762787,70.5,0.0,0.0416666666666666,0.0,0.0,118.0,118.0,109.0,122.0,122.0,106.0,123.0,125.0,105.0,108.0
443,2018-06-15T07:35:00,115.0,4.025000035762787,70.54385964912281,0.0,0.0416666666666666,0.0,0.0,106.0,118.0,118.0,109.0,122.0,122.0,106.0,123.0,125.0,117.0
444,2018-06-15T07:40:00,116.0,4.105500042438507,69.65517241379311,0.0,0.0416666666666666,0.0,0.0,115.0,106.0,118.0,118.0,109.0,122.0,122.0,106.0,123.0,118.0
445,2018-06-15T07:45:00,108.0,4.025000035762787,67.80672268907563,0.0,0.0416666666666666,0.0,0.0,116.0,115.0,106.0,118.0,118.0,109.0,122.0,122.0,106.0,117.0
446,2018-06-15T07:50:00,117.0,4.025000035762787,67.5,0.0,0.0416666666666666,0.0,0.0,108.0,116.0,115.0,106.0,118.0,118.0,109.0,122.0,122.0,116.0
447,2018-06-15T07:55:00,118.0,4.025000035762787,68.88793103448276,0.0,0.0416666666666666,0.0,0.0,117.0,108.0,116.0,115.0,106.0,118.0,118.0,109.0,122.0,116.0
448,2018-06-15T08:00:00,117.0,4.025000035762787,68.16,0.0,0.0416666666666666,0.0,0.0,118.0,117.0,108.0,116.0,115.0,106.0,118.0,118.0,109.0,90.0
449,2018-06-15T08:05:00,116.0,4.025000035762787,67.3,0.0,0.0416666666666666,0.0,0.0,117.0,118.0,117.0,108.0,116.0,115.0,106.0,118.0,118.0,116.0
450,2018-06-15T08:10:00,116.0,4.025000035762787,68.19090909090909,0.0,0.0416666666666666,0.0,0.0,116.0,117.0,118.0,117.0,108.0,116.0,115.0,106.0,118.0,115.0
451,2018-06-15T08:15:00,90.0,4.025000035762787,68.41803278688525,0.0,0.0416666666666666,0.0,0.0,116.0,116.0,117.0,118.0,117.0,108.0,116.0,115.0,106.0,104.0
452,2018-06-15T08:20:00,116.0,4.186000049114227,71.86065573770492,0.0,0.0416666666666666,0.0,0.0,90.0,116.0,116.0,117.0,118.0,117.0,108.0,116.0,115.0,113.0
453,2018-06-15T08:25:00,115.0,4.105500042438507,71.464,0.0,0.0416666666666666,0.0,0.0,116.0,90.0,116.0,116.0,117.0,118.0,117.0,108.0,116.0,112.0
454,2018-06-15T08:30:00,104.0,4.025000035762787,68.88695652173914,0.0,0.0416666666666666,0.0,0.0,115.0,116.0,90.0,116.0,116.0,117.0,118.0,117.0,108.0,102.0
455,2018-06-15T08:35:00,113.0,4.025000035762787,68.99159663865547,0.0,0.0416666666666666,0.0,0.0,104.0,115.0,116.0,90.0,116.0,116.0,117.0,118.0,117.0,112.0
456,2018-06-15T08:40:00,112.0,4.025000035762787,69.88034188034187,0.0,0.0416666666666666,0.0,0.0,113.0,104.0,115.0,116.0,90.0,116.0,116.0,117.0,118.0,112.0
457,2018-06-15T08:45:00,102.0,4.025000035762787,70.8256880733945,0.0,0.0416666666666666,0.0,0.0,112.0,113.0,104.0,115.0,116.0,90.0,116.0,116.0,117.0,105.0
458,2018-06-15T08:50:00,112.0,4.025000035762787,70.60526315789474,0.0,0.0416666666666666,0.0,0.0,102.0,112.0,113.0,104.0,115.0,116.0,90.0,116.0,116.0,113.0
459,2018-06-15T08:55:00,112.0,4.025000035762787,70.7542372881356,0.0,0.0416666666666666,0.0,0.0,112.0,102.0,112.0,113.0,104.0,115.0,116.0,90.0,116.0,114.0
460,2018-06-15T09:00:00,105.0,4.025000035762787,69.85344827586206,0.0,0.0375,0.0,0.0,112.0,112.0,102.0,112.0,113.0,104.0,115.0,116.0,90.0,107.0
461,2018-06-15T09:05:00,113.0,4.025000035762787,68.344,0.0,0.0375,0.0,0.0,105.0,112.0,112.0,102.0,112.0,113.0,104.0,115.0,116.0,115.0
462,2018-06-15T09:10:00,114.0,4.025000035762787,66.59016393442623,0.0,0.0375,0.0,0.0,113.0,105.0,112.0,112.0,102.0,112.0,113.0,104.0,115.0,114.0
463,2018-06-15T09:15:00,107.0,4.025000035762787,67.91596638655462,0.0,0.0375,0.0,0.0,114.0,113.0,105.0,112.0,112.0,102.0,112.0,113.0,104.0,105.0
464,2018-06-15T09:20:00,115.0,4.025000035762787,67.00813008130082,0.0,0.0375,0.0,0.0,107.0,114.0,113.0,105.0,112.0,112.0,102.0,112.0,113.0,116.0
465,2018-06-15T09:25:00,114.0,4.105500042438507,67.0,0.0,0.0375,0.0,0.0,115.0,107.0,114.0,113.0,105.0,112.0,112.0,102.0,112.0,116.0
466,2018-06-15T09:30:00,105.0,4.025000035762787,67.52032520325203,0.0,0.0375,0.0,0.0,114.0,115.0,107.0,114.0,113.0,105.0,112.0,112.0,102.0,98.0
467,2018-06-15T09:35:00,116.0,4.025000035762787,67.95275590551181,0.0,0.0375,0.0,0.0,105.0,114.0,115.0,107.0,114.0,113.0,105.0,112.0,112.0,116.0
468,2018-06-15T09:40:00,116.0,4.025000035762787,67.1774193548387,0.0,0.0375,0.0,0.0,116.0,105.0,114.0,115.0,107.0,114.0,113.0,105.0,112.0,117.0
469,2018-06-15T09:45:00,98.0,4.105500042438507,72.4758064516129,0.0,0.0375,0.0,0.0,116.0,116.0,105.0,114.0,115.0,107.0,114.0,113.0,105.0,96.0
470,2018-06-15T09:50:00,116.0,4.025000035762787,66.69565217391305,0.0,0.0375,0.0,0.0,98.0,116.0,116.0,105.0,114.0,115.0,107.0,114.0,113.0,120.0
471,2018-06-15T09:55:00,117.0,4.025000035762787,65.33333333333333,0.0,0.0375,0.0,0.0,116.0,98.0,116.0,116.0,105.0,114.0,115.0,107.0,114.0,122.0
472,2018-06-15T10:00:00,96.0,4.025000035762787,66.51304347826087,0.0,0.0375,0.0,0.0,117.0,116.0,98.0,116.0,116.0,105.0,114.0,115.0,107.0,106.0
473,2018-06-15T10:05:00,120.0,4.025000035762787,67.0,0.0,0.0375,0.0,0.0,96.0,117.0,116.0,98.0,116.0,116.0,105.0,114.0,115.0,129.0
474,2018-06-15T10:10:00,122.0,4.025000035762787,66.88695652173914,0.0,0.0375,0.0,0.0,120.0,96.0,117.0,116.0,98.0,116.0,116.0,105.0,114.0,131.0
475,2018-06-15T10:15:00,106.0,4.025000035762787,66.44262295081967,0.0,0.0375,0.0,0.0,122.0,120.0,96.0,117.0,116.0,98.0,116.0,116.0,105.0,120.0
476,2018-06-15T10:20:00,129.0,4.025000035762787,64.89344262295081,0.0,0.0375,0.0,0.0,106.0,122.0,120.0,96.0,117.0,116.0,98.0,116.0,116.0,130.0
477,2018-06-15T10:25:00,131.0,4.025000035762787,64.79166666666667,0.0,0.0375,0.0,0.0,129.0,106.0,122.0,120.0,96.0,117.0,116.0,98.0,116.0,129.0
478,2018-06-15T10:30:00,120.0,4.025000035762787,64.45378151260505,0.0,0.0375,0.0,0.0,131.0,129.0,106.0,122.0,120.0,96.0,117.0,116.0,98.0,123.0
479,2018-06-15T10:35:00,130.0,4.105500042438507,64.64,0.0,0.0375,0.0,0.0,120.0,131.0,129.0,106.0,122.0,120.0,96.0,117.0,116.0,128.0
480,2018-06-15T10:40:00,129.0,4.025000035762787,66.3587786259542,0.0,0.0375,0.0,0.0,130.0,120.0,131.0,129.0,106.0,122.0,120.0,96.0,117.0,127.0
481,2018-06-15T10:45:00,123.0,4.025000035762787,63.46825396825397,0.0,0.0375,0.0,0.0,129.0,130.0,120.0,131.0,129.0,106.0,122.0,120.0,96.0,119.0
482,2018-06-15T10:50:00,128.0,4.025000035762787,65.77099236641222,0.0,0.0375,0.0,0.0,123.0,129.0,130.0,120.0,131.0,129.0,106.0,122.0,120.0,125.0
483,2018-06-15T10:55:00,127.0,4.025000035762787,68.6198347107438,0.0,0.0375,0.0,0.0,128.0,123.0,129.0,130.0,120.0,131.0,129.0,106.0,122.0,126.0
484,2018-06-15T11:00:00,119.0,6.279000103473663,72.7909090909091,8.0,0.0375,0.0,0.0,127.0,128.0,123.0,129.0,130.0,120.0,131.0,129.0,106.0,120.0
485,2018-06-15T11:05:00,125.0,4.427500069141388,80.49122807017544,0.0,0.0375,0.0,0.0,119.0,127.0,128.0,123.0,129.0,130.0,120.0,131.0,129.0,126.0
486,2018-06-15T11:10:00,126.0,4.266500055789948,83.14655172413794,0.0,0.0375,0.0,0.0,125.0,119.0,127.0,128.0,123.0,129.0,130.0,120.0,131.0,125.0
487,2018-06-15T11:15:00,120.0,4.427500069141388,81.90350877192982,0.0,0.0375,0.0,0.0,126.0,125.0,119.0,127.0,128.0,123.0,129.0,130.0,120.0,126.0
488,2018-06-15T11:20:00,126.0,4.186000049114227,75.6984126984127,0.0,0.0375,2.5,3.0,120.0,126.0,125.0,119.0,127.0,128.0,123.0,129.0,130.0,127.0
489,2018-06-15T11:25:00,125.0,4.025000035762787,71.28318584070796,0.0,0.0375,0.0,0.0,126.0,120.0,126.0,125.0,119.0,127.0,128.0,123.0,129.0,129.0
490,2018-06-15T11:30:00,126.0,4.186000049114227,71.71551724137932,0.0,0.0375,0.0,0.0,125.0,126.0,120.0,126.0,125.0,119.0,127.0,128.0,123.0,143.0
491,2018-06-15T11:35:00,127.0,4.105500042438507,76.84955752212389,0.0,0.0375,0.0,0.0,126.0,125.0,126.0,120.0,126.0,125.0,119.0,127.0,128.0,145.0
492,2018-06-15T11:40:00,129.0,4.025000035762787,80.47933884297521,0.0,0.0375,0.0,0.0,127.0,126.0,125.0,126.0,120.0,126.0,125.0,119.0,127.0,155.0
493,2018-06-15T11:45:00,143.0,4.347000062465668,81.39622641509433,0.0,0.0375,0.0,0.0,129.0,127.0,126.0,125.0,126.0,120.0,126.0,125.0,119.0,173.0
494,2018-06-15T11:50:00,145.0,5.796000003814697,84.55855855855856,25.0,0.0375,0.0,0.0,143.0,129.0,127.0,126.0,125.0,126.0,120.0,126.0,125.0,166.0
495,2018-06-15T11:55:00,155.0,5.393499970436096,79.7983193277311,0.0,0.0375,0.0,0.0,145.0,143.0,129.0,127.0,126.0,125.0,126.0,120.0,126.0,171.0
496,2018-06-15T12:00:00,173.0,4.025000035762787,79.7948717948718,0.0,0.0375,0.0,0.0,155.0,145.0,143.0,129.0,127.0,126.0,125.0,126.0,120.0,209.0
497,2018-06-15T12:05:00,166.0,5.634999990463257,84.76851851851852,7.0,0.0375,0.0,0.0,173.0,155.0,145.0,143.0,129.0,127.0,126.0,125.0,126.0,190.0
498,2018-06-15T12:10:00,171.0,9.5794997215271,88.47058823529412,46.0,0.0375,0.0,0.0,166.0,173.0,155.0,145.0,143.0,129.0,127.0,126.0,125.0,198.0
499,2018-06-15T12:15:00,209.0,7.647499799728394,89.53153153153153,30.0,0.0375,0.0,0.0,171.0,166.0,173.0,155.0,145.0,143.0,129.0,127.0,126.0,233.0
500,2018-06-15T12:20:00,190.0,8.210999846458435,86.80672268907563,45.0,0.0375,0.0,0.0,209.0,171.0,166.0,173.0,155.0,145.0,143.0,129.0,127.0,200.0
501,2018-06-15T12:25:00,198.0,5.634999990463257,82.84684684684684,0.0,0.0375,0.0,0.0,190.0,209.0,171.0,166.0,173.0,155.0,145.0,143.0,129.0,195.0
502,2018-06-15T12:30:00,233.0,11.350499927997587,86.19266055045871,113.0,0.0375,0.0,0.0,198.0,190.0,209.0,171.0,166.0,173.0,155.0,145.0,143.0,223.0
503,2018-06-15T12:35:00,200.0,12.235999822616575,86.68376068376068,122.0,0.0375,0.0,0.0,233.0,198.0,190.0,209.0,171.0,166.0,173.0,155.0,145.0,187.0
504,2018-06-15T12:40:00,195.0,9.901499867439272,89.10743801652893,114.0,0.0375,0.0,0.0,200.0,233.0,198.0,190.0,209.0,171.0,166.0,173.0,155.0,181.0
505,2018-06-15T12:45:00,223.0,8.210999846458435,88.56880733944953,0.0,0.0375,0.0,0.0,195.0,200.0,233.0,198.0,190.0,209.0,171.0,166.0,173.0,196.0
506,2018-06-15T12:50:00,187.0,7.969499945640564,87.71304347826087,9.0,0.0375,0.0,0.0,223.0,195.0,200.0,233.0,198.0,190.0,209.0,171.0,166.0,168.0
507,2018-06-15T12:55:00,181.0,10.706499814987184,91.5909090909091,62.0,0.0375,0.0,0.0,187.0,223.0,195.0,200.0,233.0,198.0,190.0,209.0,171.0,162.0
508,2018-06-15T13:00:00,196.0,7.647499799728394,92.01886792452832,28.0,0.0375,0.0,0.0,181.0,187.0,223.0,195.0,200.0,233.0,198.0,190.0,209.0,169.0
509,2018-06-15T13:05:00,168.0,14.248499870300291,96.29629629629628,212.0,0.0375,0.0,0.0,196.0,181.0,187.0,223.0,195.0,200.0,233.0,198.0,190.0,147.0
510,2018-06-15T13:10:00,162.0,12.960500001907343,98.0,183.0,0.0375,0.0,0.0,168.0,196.0,181.0,187.0,223.0,195.0,200.0,233.0,198.0,138.0
511,2018-06-15T13:15:00,169.0,16.261000156402588,100.3963963963964,160.0,0.0375,0.0,0.0,162.0,168.0,196.0,181.0,187.0,223.0,195.0,200.0,233.0,140.0
512,2018-06-15T13:20:00,147.0,14.006999969482422,92.72173913043478,139.0,0.0375,0.0,0.0,169.0,162.0,168.0,196.0,181.0,187.0,223.0,195.0,200.0,123.0
513,2018-06-15T13:25:00,138.0,11.028499841690063,95.41666666666669,101.0,0.0375,0.0,0.0,147.0,169.0,162.0,168.0,196.0,181.0,187.0,223.0,195.0,116.0
514,2018-06-15T13:30:00,140.0,12.718999862670902,98.56880733944952,93.0,0.0375,0.0,0.0,138.0,147.0,169.0,162.0,168.0,196.0,181.0,187.0,223.0,103.0
515,2018-06-15T13:35:00,123.0,9.82099986076355,100.02678571428572,73.0,0.0375,0.0,0.0,140.0,138.0,147.0,169.0,162.0,168.0,196.0,181.0,187.0,105.0
516,2018-06-15T13:40:00,116.0,10.867500007152556,98.5982905982906,25.0,0.0375,0.0,0.0,123.0,140.0,138.0,147.0,169.0,162.0,168.0,196.0,181.0,101.0
517,2018-06-15T13:45:00,103.0,12.557999968528748,96.8108108108108,88.0,0.0375,0.0,0.0,116.0,123.0,140.0,138.0,147.0,169.0,162.0,168.0,196.0,98.0
518,2018-06-15T13:50:00,105.0,11.91399997472763,103.70270270270272,62.0,0.0375,0.0,0.0,103.0,116.0,123.0,140.0,138.0,147.0,169.0,162.0,168.0,104.0
519,2018-06-15T13:55:00,101.0,13.84599995613098,100.12264150943396,150.0,0.0375,0.0,0.0,105.0,103.0,116.0,123.0,140.0,138.0,147.0,169.0,162.0,111.0
520,2018-06-15T14:00:00,98.0,11.511499881744388,99.72222222222224,99.0,0.0375,0.0,0.0,101.0,105.0,103.0,116.0,123.0,140.0,138.0,147.0,169.0,131.0
521,2018-06-15T14:05:00,104.0,9.17699980735779,95.89189189189187,38.0,0.0375,0.0,0.0,98.0,101.0,105.0,103.0,116.0,123.0,140.0,138.0,147.0,131.0
522,2018-06-15T14:10:00,111.0,10.947999894618988,94.73228346456692,113.0,0.0375,0.0,0.0,104.0,98.0,101.0,105.0,103.0,116.0,123.0,140.0,138.0,131.0
523,2018-06-15T14:15:00,131.0,10.062499821186067,89.375,76.0,0.0375,0.0,0.0,111.0,104.0,98.0,101.0,105.0,103.0,116.0,123.0,140.0,166.0
524,2018-06-15T14:20:00,131.0,8.532999813556671,89.98461538461538,45.0,0.0375,0.0,0.0,131.0,111.0,104.0,98.0,101.0,105.0,103.0,116.0,123.0,134.0
525,2018-06-15T14:25:00,131.0,11.108999729156496,90.58490566037736,72.0,0.0375,0.0,0.0,131.0,131.0,111.0,104.0,98.0,101.0,105.0,103.0,116.0,132.0
526,2018-06-15T14:30:00,166.0,6.43999981880188,90.4144144144144,0.0,0.0375,0.0,0.0,131.0,131.0,131.0,111.0,104.0,98.0,101.0,105.0,103.0,146.0
527,2018-06-15T14:35:00,134.0,4.347000062465668,87.05128205128206,0.0,0.0375,0.0,0.0,166.0,131.0,131.0,131.0,111.0,104.0,98.0,101.0,105.0,129.0
528,2018-06-15T14:40:00,132.0,6.681500017642975,83.33613445378151,10.0,0.0375,0.0,0.0,134.0,166.0,131.0,131.0,131.0,111.0,104.0,98.0,101.0,125.0
529,2018-06-15T14:45:00,146.0,4.427500069141388,85.34234234234235,0.0,0.0375,0.0,0.0,132.0,134.0,166.0,131.0,131.0,131.0,111.0,104.0,98.0,140.0
530,2018-06-15T14:50:00,129.0,5.474000096321106,84.6140350877193,0.0,0.0375,2.5,2.0,146.0,132.0,134.0,166.0,131.0,131.0,131.0,111.0,104.0,121.0
531,2018-06-15T14:55:00,125.0,6.76199996471405,85.08,24.0,0.0375,0.0,0.0,129.0,146.0,132.0,134.0,166.0,131.0,131.0,131.0,111.0,128.0
532,2018-06-15T15:00:00,140.0,4.266500055789948,79.99152542372882,0.0,0.0375,0.0,0.0,125.0,129.0,146.0,132.0,134.0,166.0,131.0,131.0,131.0,172.0
533,2018-06-15T15:05:00,121.0,5.554499983787537,82.0,0.0,0.0375,0.0,0.0,140.0,125.0,129.0,146.0,132.0,134.0,166.0,131.0,131.0,158.0
534,2018-06-15T15:10:00,128.0,4.105500042438507,80.07627118644068,0.0,0.0375,0.0,0.0,121.0,140.0,125.0,129.0,146.0,132.0,134.0,166.0,131.0,179.0
535,2018-06-15T15:15:00,172.0,7.003499925136566,83.56521739130434,13.0,0.0375,0.0,0.0,128.0,121.0,140.0,125.0,129.0,146.0,132.0,134.0,166.0,226.0
536,2018-06-15T15:20:00,158.0,5.152000069618225,79.9304347826087,0.0,0.0375,0.0,0.0,172.0,128.0,121.0,140.0,125.0,129.0,146.0,132.0,134.0,198.0
537,2018-06-15T15:25:00,179.0,4.105500042438507,82.64285714285714,0.0,0.0375,0.0,0.0,158.0,172.0,128.0,121.0,140.0,125.0,129.0,146.0,132.0,193.0
538,2018-06-15T15:30:00,226.0,10.142999827861786,87.06837606837607,74.0,0.0375,0.0,0.0,179.0,158.0,172.0,128.0,121.0,140.0,125.0,129.0,146.0,227.0
539,2018-06-15T15:35:00,198.0,9.337999820709229,97.76315789473684,8.0,0.0375,0.0,0.0,226.0,179.0,158.0,172.0,128.0,121.0,140.0,125.0,129.0,190.0
540,2018-06-15T15:40:00,193.0,15.134000062942505,102.71171171171171,173.0,0.0375,0.0,0.0,198.0,226.0,179.0,158.0,172.0,128.0,121.0,140.0,125.0,188.0
541,2018-06-15T15:45:00,227.0,13.121500015258787,106.640350877193,84.0,0.0375,0.0,0.0,193.0,198.0,226.0,179.0,158.0,172.0,128.0,121.0,140.0,204.0
542,2018-06-15T15:50:00,190.0,6.681499898433685,100.84033613445378,12.0,0.0375,0.0,0.0,227.0,193.0,198.0,226.0,179.0,158.0,172.0,128.0,121.0,185.0
543,2018-06-15T15:55:00,188.0,5.473999977111816,84.95384615384616,11.0,0.0375,0.0,0.0,190.0,227.0,193.0,198.0,226.0,179.0,158.0,172.0,128.0,181.0
544,2018-06-15T16:00:00,204.0,4.186000049114227,79.1140350877193,0.0,0.0375,0.0,0.0,188.0,190.0,227.0,193.0,198.0,226.0,179.0,158.0,172.0,173.0
545,2018-06-15T16:05:00,185.0,4.025000035762787,79.29464285714286,0.0,0.0375,0.0,0.0,204.0,188.0,190.0,227.0,193.0,198.0,226.0,179.0,158.0,169.0
546,2018-06-15T16:10:00,181.0,4.025000035762787,78.44736842105263,0.0,0.0375,0.0,0.0,185.0,204.0,188.0,190.0,227.0,193.0,198.0,226.0,179.0,164.0
547,2018-06-15T16:15:00,173.0,4.025000035762787,79.37272727272727,0.0,0.0375,0.0,0.0,181.0,185.0,204.0,188.0,190.0,227.0,193.0,198.0,226.0,140.0
548,2018-06-15T16:20:00,169.0,4.025000035762787,79.00884955752213,0.0,0.0375,0.0,0.0,173.0,181.0,185.0,204.0,188.0,190.0,227.0,193.0,198.0,156.0
549,2018-06-15T16:25:00,164.0,4.025000035762787,79.61061946902655,0.0,0.0375,0.0,0.0,169.0,173.0,181.0,185.0,204.0,188.0,190.0,227.0,193.0,153.0
550,2018-06-15T16:30:00,140.0,4.025000035762787,79.91818181818182,0.0,0.0375,0.0,0.0,164.0,169.0,173.0,181.0,185.0,204.0,188.0,190.0,227.0,129.0
551,2018-06-15T16:35:00,156.0,4.025000035762787,78.98230088495575,0.0,0.0375,0.0,0.0,140.0,164.0,169.0,173.0,181.0,185.0,204.0,188.0,190.0,149.0
552,2018-06-15T16:40:00,153.0,4.025000035762787,79.3076923076923,0.0,0.0375,0.0,0.0,156.0,140.0,164.0,169.0,173.0,181.0,185.0,204.0,188.0,148.0
553,2018-06-15T16:45:00,129.0,4.186000049114227,80.40517241379311,0.0,0.0375,0.0,0.0,153.0,156.0,140.0,164.0,169.0,173.0,181.0,185.0,204.0,149.0
554,2018-06-15T16:50:00,149.0,4.186000049114227,79.75213675213675,0.0,0.0375,0.0,0.0,129.0,153.0,156.0,140.0,164.0,169.0,173.0,181.0,185.0,145.0
555,2018-06-15T16:55:00,148.0,4.105500042438507,79.09821428571429,0.0,0.0375,0.0,0.0,149.0,129.0,153.0,156.0,140.0,164.0,169.0,173.0,181.0,143.0
556,2018-06-15T17:00:00,149.0,5.473999977111816,80.8135593220339,0.0,0.0916666666666666,0.0,0.0,148.0,149.0,129.0,153.0,156.0,140.0,164.0,169.0,173.0,150.0
557,2018-06-15T17:05:00,145.0,8.372000098228455,84.39814814814815,51.0,0.0916666666666666,0.0,0.0,149.0,148.0,149.0,129.0,153.0,156.0,140.0,164.0,169.0,139.0
558,2018-06-15T17:10:00,143.0,7.647499859333039,89.53719008264463,11.0,0.0916666666666666,0.0,0.0,145.0,149.0,148.0,149.0,129.0,153.0,156.0,140.0,164.0,140.0
559,2018-06-15T17:15:00,150.0,7.808499872684479,93.03883495145632,37.0,0.0916666666666666,0.5,1.0,143.0,145.0,149.0,148.0,149.0,129.0,153.0,156.0,140.0,154.0
560,2018-06-15T17:20:00,139.0,5.393500089645386,79.4375,0.0,0.0916666666666666,0.0,0.0,150.0,143.0,145.0,149.0,148.0,149.0,129.0,153.0,156.0,155.0
561,2018-06-15T17:25:00,140.0,4.347000002861023,82.52173913043478,0.0,0.0916666666666666,0.0,0.0,139.0,150.0,143.0,145.0,149.0,148.0,149.0,129.0,153.0,160.0
562,2018-06-15T17:30:00,154.0,4.105500042438507,75.48305084745763,0.0,0.0916666666666666,0.0,0.0,140.0,139.0,150.0,143.0,145.0,149.0,148.0,149.0,129.0,169.0
563,2018-06-15T17:35:00,155.0,4.025000035762787,73.48148148148148,0.0,0.0916666666666666,0.0,0.0,154.0,140.0,139.0,150.0,143.0,145.0,149.0,148.0,149.0,164.0
564,2018-06-15T17:40:00,160.0,4.025000035762787,73.93805309734513,0.0,0.0916666666666666,0.0,0.0,155.0,154.0,140.0,139.0,150.0,143.0,145.0,149.0,148.0,163.0
565,2018-06-15T17:45:00,169.0,4.025000035762787,75.35087719298245,0.0,0.0916666666666666,0.0,0.0,160.0,155.0,154.0,140.0,139.0,150.0,143.0,145.0,149.0,158.0
566,2018-06-15T17:50:00,164.0,4.105500042438507,76.53636363636363,0.0,0.0916666666666666,0.0,0.0,169.0,160.0,155.0,154.0,140.0,139.0,150.0,143.0,145.0,163.0
567,2018-06-15T17:55:00,163.0,4.105500042438507,73.60714285714286,0.0,0.0916666666666666,0.0,0.0,164.0,169.0,160.0,155.0,154.0,140.0,139.0,150.0,143.0,162.0
568,2018-06-15T18:00:00,158.0,4.105500042438507,77.71186440677967,0.0,0.0916666666666666,0.0,0.0,163.0,164.0,169.0,160.0,155.0,154.0,140.0,139.0,150.0,132.0
569,2018-06-15T18:05:00,163.0,4.025000035762787,76.99122807017544,0.0,0.0916666666666666,0.0,0.0,158.0,163.0,164.0,169.0,160.0,155.0,154.0,140.0,139.0,160.0
570,2018-06-15T18:10:00,162.0,4.025000035762787,75.60526315789474,0.0,0.0916666666666666,0.0,0.0,163.0,158.0,163.0,164.0,169.0,160.0,155.0,154.0,140.0,159.0
571,2018-06-15T18:15:00,132.0,4.025000035762787,76.14049586776859,0.0,0.0916666666666666,0.0,0.0,162.0,163.0,158.0,163.0,164.0,169.0,160.0,155.0,154.0,136.0
572,2018-06-15T18:20:00,160.0,4.025000035762787,76.5677966101695,0.0,0.0916666666666666,0.0,0.0,132.0,162.0,163.0,158.0,163.0,164.0,169.0,160.0,155.0,158.0
573,2018-06-15T18:25:00,159.0,4.025000035762787,76.4770642201835,0.0,0.0916666666666666,0.0,0.0,160.0,132.0,162.0,163.0,158.0,163.0,164.0,169.0,160.0,158.0
574,2018-06-15T18:30:00,136.0,4.025000035762787,73.70642201834862,0.0,0.0916666666666666,0.0,0.0,159.0,160.0,132.0,162.0,163.0,158.0,163.0,164.0,169.0,164.0
575,2018-06-15T18:35:00,158.0,4.105500042438507,73.71794871794872,0.0,0.0916666666666666,0.0,0.0,136.0,159.0,160.0,132.0,162.0,163.0,158.0,163.0,164.0,152.0
576,2018-06-15T18:40:00,158.0,4.025000035762787,75.67716535433071,0.0,0.0916666666666666,0.0,0.0,158.0,136.0,159.0,160.0,132.0,162.0,163.0,158.0,163.0,148.0
577,2018-06-15T18:45:00,164.0,4.025000035762787,73.9304347826087,0.0,0.0916666666666666,0.0,0.0,158.0,158.0,136.0,159.0,160.0,132.0,162.0,163.0,158.0,152.0
578,2018-06-15T18:50:00,152.0,4.186000049114227,70.81739130434782,0.0,0.0916666666666666,0.0,0.0,164.0,158.0,158.0,136.0,159.0,160.0,132.0,162.0,163.0,141.0
579,2018-06-15T18:55:00,148.0,4.025000035762787,70.38260869565218,0.0,0.0916666666666666,0.0,0.0,152.0,164.0,158.0,158.0,136.0,159.0,160.0,132.0,162.0,139.0
580,2018-06-15T19:00:00,152.0,5.071500062942505,72.34426229508196,4.0,0.075,0.0,0.0,148.0,152.0,164.0,158.0,158.0,136.0,159.0,160.0,132.0,115.0
581,2018-06-15T19:05:00,141.0,4.025000035762787,71.43801652892562,0.0,0.075,0.0,0.0,152.0,148.0,152.0,164.0,158.0,158.0,136.0,159.0,160.0,134.0
582,2018-06-15T19:10:00,139.0,4.105500042438507,72.88135593220339,0.0,0.075,0.0,0.0,141.0,152.0,148.0,152.0,164.0,158.0,158.0,136.0,159.0,132.0
583,2018-06-15T19:15:00,115.0,4.025000035762787,72.90983606557377,0.0,0.075,0.0,0.0,139.0,141.0,152.0,148.0,152.0,164.0,158.0,158.0,136.0,102.0
584,2018-06-15T19:20:00,134.0,4.025000035762787,72.34513274336283,0.0,0.075,0.0,0.0,115.0,139.0,141.0,152.0,148.0,152.0,164.0,158.0,158.0,131.0
585,2018-06-15T19:25:00,132.0,4.105500042438507,72.8,0.0,0.075,0.0,0.0,134.0,115.0,139.0,141.0,152.0,148.0,152.0,164.0,158.0,132.0
586,2018-06-15T19:30:00,102.0,4.025000035762787,71.07438016528926,0.0,0.075,0.0,0.0,132.0,134.0,115.0,139.0,141.0,152.0,148.0,152.0,164.0,103.0
587,2018-06-15T19:35:00,131.0,4.025000035762787,73.39823008849558,0.0,0.075,0.0,0.0,102.0,132.0,134.0,115.0,139.0,141.0,152.0,148.0,152.0,141.0
588,2018-06-15T19:40:00,132.0,4.025000035762787,71.8119658119658,0.0,0.075,0.0,0.0,131.0,102.0,132.0,134.0,115.0,139.0,141.0,152.0,148.0,140.0
589,2018-06-15T19:45:00,103.0,4.025000035762787,72.41964285714286,0.0,0.075,0.0,0.0,132.0,131.0,102.0,132.0,134.0,115.0,139.0,141.0,152.0,97.0
590,2018-06-15T19:50:00,141.0,4.186000049114227,75.19491525423729,0.0,0.075,0.0,0.0,103.0,132.0,131.0,102.0,132.0,134.0,115.0,139.0,141.0,136.0
591,2018-06-15T19:55:00,140.0,4.025000035762787,74.94117647058823,0.0,0.075,0.0,0.0,141.0,103.0,132.0,131.0,102.0,132.0,134.0,115.0,139.0,133.0
592,2018-06-15T20:00:00,97.0,4.025000035762787,72.59482758620689,0.0,0.075,0.0,0.0,140.0,141.0,103.0,132.0,131.0,102.0,132.0,134.0,115.0,80.0
593,2018-06-15T20:05:00,136.0,4.025000035762787,71.82727272727273,0.0,0.075,0.0,0.0,97.0,140.0,141.0,103.0,132.0,131.0,102.0,132.0,134.0,124.0
594,2018-06-15T20:10:00,133.0,4.105500042438507,71.24347826086957,0.0,0.075,0.0,0.0,136.0,97.0,140.0,141.0,103.0,132.0,131.0,102.0,132.0,117.0
595,2018-06-15T20:15:00,80.0,6.601000010967255,78.02521008403362,14.0,0.075,0.0,0.0,133.0,136.0,97.0,140.0,141.0,103.0,132.0,131.0,102.0,70.0
596,2018-06-15T20:20:00,124.0,10.545499801635742,95.05555555555556,47.0,0.075,0.0,0.0,80.0,133.0,136.0,97.0,140.0,141.0,103.0,132.0,131.0,115.0
597,2018-06-15T20:25:00,117.0,8.130499958992004,83.03305785123968,67.0,0.0,0.0,0.0,124.0,80.0,133.0,136.0,97.0,140.0,141.0,103.0,132.0,121.0
598,2018-06-15T20:30:00,70.0,7.003499925136567,81.96666666666667,0.0,0.0,0.0,0.0,117.0,124.0,80.0,133.0,136.0,97.0,140.0,141.0,103.0,93.0
599,2018-06-15T20:35:00,115.0,4.025000035762787,78.63636363636364,0.0,0.075,0.0,0.0,70.0,117.0,124.0,80.0,133.0,136.0,97.0,140.0,141.0,133.0
600,2018-06-15T20:40:00,121.0,4.105500042438507,72.45454545454545,0.0,0.075,0.0,0.0,115.0,70.0,117.0,124.0,80.0,133.0,136.0,97.0,140.0,141.0
601,2018-06-15T20:45:00,93.0,4.186000049114227,72.13333333333334,0.0,0.075,0.0,0.0,121.0,115.0,70.0,117.0,124.0,80.0,133.0,136.0,97.0,176.0
602,2018-06-15T20:50:00,133.0,7.325499951839447,81.41525423728814,0.0,0.075,0.0,0.0,93.0,121.0,115.0,70.0,117.0,124.0,80.0,133.0,136.0,163.0
603,2018-06-15T20:55:00,141.0,5.473999977111816,78.66949152542372,11.0,0.075,0.0,0.0,133.0,93.0,121.0,115.0,70.0,117.0,124.0,80.0,133.0,163.0
604,2018-06-15T21:00:00,176.0,4.025000035762787,72.49180327868852,0.0,0.0583333333333333,0.0,0.0,141.0,133.0,93.0,121.0,115.0,70.0,117.0,124.0,80.0,176.0
605,2018-06-15T21:05:00,163.0,4.025000035762787,73.46610169491525,0.0,0.0583333333333333,0.0,0.0,176.0,141.0,133.0,93.0,121.0,115.0,70.0,117.0,124.0,155.0
606,2018-06-15T21:10:00,163.0,8.533000111579895,76.51401869158879,15.0,0.0583333333333333,2.3,2.5,163.0,176.0,141.0,133.0,93.0,121.0,115.0,70.0,117.0,153.0
607,2018-06-15T21:15:00,176.0,8.935499966144562,78.67567567567568,37.0,0.0583333333333333,0.0,0.0,163.0,163.0,176.0,141.0,133.0,93.0,121.0,115.0,70.0,163.0
608,2018-06-15T21:20:00,155.0,10.947999954223633,105.0,34.0,0.0583333333333333,0.0,0.0,176.0,163.0,163.0,176.0,141.0,133.0,93.0,121.0,115.0,146.0
609,2018-06-15T21:25:00,153.0,4.668999969959259,92.0,0.0,0.0583333333333333,0.0,0.0,155.0,176.0,163.0,163.0,176.0,141.0,133.0,93.0,121.0,141.0
610,2018-06-15T21:30:00,163.0,4.588500082492828,87.74137931034483,0.0,0.0583333333333333,0.0,0.0,153.0,155.0,176.0,163.0,163.0,176.0,141.0,133.0,93.0,138.0
611,2018-06-15T21:35:00,146.0,4.668999969959259,87.68141592920354,0.0,0.0583333333333333,0.0,0.0,163.0,153.0,155.0,176.0,163.0,163.0,176.0,141.0,133.0,133.0
612,2018-06-15T21:40:00,141.0,6.4399998784065255,88.45614035087719,37.0,0.0583333333333333,0.0,0.0,146.0,163.0,153.0,155.0,176.0,163.0,163.0,176.0,141.0,126.0
613,2018-06-15T21:45:00,138.0,4.427500069141388,85.6086956521739,0.0,0.0583333333333333,0.0,0.0,141.0,146.0,163.0,153.0,155.0,176.0,163.0,163.0,176.0,105.0
614,2018-06-15T21:50:00,133.0,7.164499938488007,81.24770642201835,50.0,0.0583333333333333,0.0,0.0,138.0,141.0,146.0,163.0,153.0,155.0,176.0,163.0,163.0,114.0
615,2018-06-15T21:55:00,126.0,6.842499911785126,85.8,12.0,0.0583333333333333,0.0,0.0,133.0,138.0,141.0,146.0,163.0,153.0,155.0,176.0,163.0,113.0
616,2018-06-15T22:00:00,105.0,11.108999848365784,86.32692307692308,79.0,0.0583333333333333,0.0,0.0,126.0,133.0,138.0,141.0,146.0,163.0,153.0,155.0,176.0,104.0
617,2018-06-15T22:05:00,114.0,6.118000030517578,86.50862068965517,37.0,0.0583333333333333,0.0,0.0,105.0,126.0,133.0,138.0,141.0,146.0,163.0,153.0,155.0,126.0
618,2018-06-15T22:10:00,113.0,7.486499786376953,90.68141592920354,12.0,0.0583333333333333,0.0,0.0,114.0,105.0,126.0,133.0,138.0,141.0,146.0,163.0,153.0,135.0
619,2018-06-15T22:15:00,104.0,7.003499925136567,81.73333333333333,37.0,0.0583333333333333,0.0,0.0,113.0,114.0,105.0,126.0,133.0,138.0,141.0,146.0,163.0,143.0
620,2018-06-15T22:20:00,126.0,4.025000035762787,76.35833333333333,0.0,0.0583333333333333,0.0,0.0,104.0,113.0,114.0,105.0,126.0,133.0,138.0,141.0,146.0,149.0
621,2018-06-15T22:25:00,135.0,4.025000035762787,80.08620689655173,0.0,0.0583333333333333,0.0,0.0,126.0,104.0,113.0,114.0,105.0,126.0,133.0,138.0,141.0,154.0
622,2018-06-15T22:30:00,143.0,4.105500042438507,75.72649572649573,0.0,0.0583333333333333,0.0,0.0,135.0,126.0,104.0,113.0,114.0,105.0,126.0,133.0,138.0,172.0
623,2018-06-15T22:35:00,149.0,4.105500042438507,74.48113207547169,0.0,0.0583333333333333,0.0,0.0,143.0,135.0,126.0,104.0,113.0,114.0,105.0,126.0,133.0,157.0
624,2018-06-15T22:40:00,154.0,4.025000035762787,78.0091743119266,0.0,0.0583333333333333,0.0,0.0,149.0,143.0,135.0,126.0,104.0,113.0,114.0,105.0,126.0,156.0
625,2018-06-15T22:45:00,172.0,4.025000035762787,75.37383177570094,0.0,0.0583333333333333,0.0,0.0,154.0,149.0,143.0,135.0,126.0,104.0,113.0,114.0,105.0,141.0
626,2018-06-15T22:50:00,157.0,4.105500042438507,76.78947368421052,0.0,0.0583333333333333,0.0,0.0,172.0,154.0,149.0,143.0,135.0,126.0,104.0,113.0,114.0,149.0
627,2018-06-15T22:55:00,156.0,4.025000035762787,79.75892857142857,0.0,0.0583333333333333,0.0,0.0,157.0,172.0,154.0,149.0,143.0,135.0,126.0,104.0,113.0,146.0
628,2018-06-15T23:00:00,141.0,4.025000035762787,76.87704918032787,0.0,0.0583333333333333,0.0,0.0,156.0,157.0,172.0,154.0,149.0,143.0,135.0,126.0,104.0,127.0
629,2018-06-15T23:05:00,149.0,4.105500042438507,77.58536585365853,0.0,0.0,0.0,0.0,141.0,156.0,157.0,172.0,154.0,149.0,143.0,135.0,126.0,146.0
630,2018-06-15T23:10:00,146.0,4.025000035762787,76.41525423728814,0.0,0.0,0.0,0.0,149.0,141.0,156.0,157.0,172.0,154.0,149.0,143.0,135.0,145.0
631,2018-06-15T23:15:00,127.0,4.025000035762787,75.16521739130435,0.0,0.0,0.0,0.0,146.0,149.0,141.0,156.0,157.0,172.0,154.0,149.0,143.0,133.0
632,2018-06-15T23:20:00,146.0,4.105500042438507,74.29729729729729,0.0,0.0,0.0,0.0,127.0,146.0,149.0,141.0,156.0,157.0,172.0,154.0,149.0,143.0
633,2018-06-15T23:25:00,145.0,4.025000035762787,71.025,0.0,0.0,0.0,0.0,146.0,127.0,146.0,149.0,141.0,156.0,157.0,172.0,154.0,138.0
634,2018-06-15T23:30:00,133.0,4.025000035762787,71.63865546218487,0.0,0.0,0.0,0.0,145.0,146.0,127.0,146.0,149.0,141.0,156.0,157.0,172.0,134.0
635,2018-06-15T23:35:00,143.0,4.025000035762787,71.1896551724138,0.0,0.0,0.0,0.0,133.0,145.0,146.0,127.0,146.0,149.0,141.0,156.0,157.0,135.0
636,2018-06-15T23:40:00,138.0,6.681499898433685,76.14782608695653,26.0,0.0,0.0,0.0,143.0,133.0,145.0,146.0,127.0,146.0,149.0,141.0,156.0,132.0
637,2018-06-15T23:45:00,134.0,4.186000049114227,73.73913043478261,0.0,0.0,0.0,0.0,138.0,143.0,133.0,145.0,146.0,127.0,146.0,149.0,141.0,128.0
638,2018-06-15T23:50:00,135.0,10.947999954223633,79.44545454545455,63.0,0.0,0.0,0.0,134.0,138.0,143.0,133.0,145.0,146.0,127.0,146.0,149.0,126.0
639,2018-06-15T23:55:00,132.0,4.427500069141388,80.2159090909091,0.0,0.0,0.0,0.0,135.0,134.0,138.0,143.0,133.0,145.0,146.0,127.0,146.0,126.0
640,2018-06-16T00:00:00,128.0,4.186000049114227,73.2695652173913,0.0,0.0,0.0,0.0,132.0,135.0,134.0,138.0,143.0,133.0,145.0,146.0,127.0,120.0
641,2018-06-16T00:05:00,126.0,4.025000035762787,70.21186440677967,0.0,0.0708333333333333,0.0,0.0,128.0,132.0,135.0,134.0,138.0,143.0,133.0,145.0,146.0,125.0
642,2018-06-16T00:10:00,126.0,4.105500042438507,72.33613445378151,0.0,0.0708333333333333,0.0,0.0,126.0,128.0,132.0,135.0,134.0,138.0,143.0,133.0,145.0,127.0
643,2018-06-16T00:15:00,120.0,4.105500042438507,79.07476635514018,0.0,0.0708333333333333,0.0,0.0,126.0,126.0,128.0,132.0,135.0,134.0,138.0,143.0,133.0,122.0
644,2018-06-16T00:20:00,125.0,4.105500042438507,73.90265486725664,0.0,0.0708333333333333,0.0,0.0,120.0,126.0,126.0,128.0,132.0,135.0,134.0,138.0,143.0,125.0
645,2018-06-16T00:25:00,127.0,4.025000035762787,73.85321100917432,0.0,0.0708333333333333,0.0,0.0,125.0,120.0,126.0,126.0,128.0,132.0,135.0,134.0,138.0,124.0
646,2018-06-16T00:30:00,122.0,4.025000035762787,75.44954128440367,0.0,0.0708333333333333,0.0,0.0,127.0,125.0,120.0,126.0,126.0,128.0,132.0,135.0,134.0,126.0
647,2018-06-16T00:35:00,125.0,4.105500042438507,79.21929824561404,0.0,0.0708333333333333,0.0,0.0,122.0,127.0,125.0,120.0,126.0,126.0,128.0,132.0,135.0,123.0
648,2018-06-16T00:40:00,124.0,4.025000035762787,80.91379310344827,0.0,0.0708333333333333,0.0,0.0,125.0,122.0,127.0,125.0,120.0,126.0,126.0,128.0,132.0,124.0
649,2018-06-16T00:45:00,126.0,4.025000035762787,81.8695652173913,0.0,0.0708333333333333,0.0,0.0,124.0,125.0,122.0,127.0,125.0,120.0,126.0,126.0,128.0,132.0
650,2018-06-16T00:50:00,123.0,4.025000035762787,81.63025210084034,0.0,0.0708333333333333,0.0,0.0,126.0,124.0,125.0,122.0,127.0,125.0,120.0,126.0,126.0,126.0
651,2018-06-16T00:55:00,124.0,4.025000035762787,78.990990990991,0.0,0.0708333333333333,0.0,0.0,123.0,126.0,124.0,125.0,122.0,127.0,125.0,120.0,126.0,127.0
652,2018-06-16T01:00:00,132.0,4.025000035762787,82.61206896551724,0.0,0.0708333333333333,0.0,0.0,124.0,123.0,126.0,124.0,125.0,122.0,127.0,125.0,120.0,137.0
653,2018-06-16T01:05:00,126.0,4.105500042438507,84.03389830508475,0.0,0.0,0.0,0.0,132.0,124.0,123.0,126.0,124.0,125.0,122.0,127.0,125.0,131.0
654,2018-06-16T01:10:00,127.0,4.025000035762787,82.89285714285714,0.0,0.0,0.0,0.0,126.0,132.0,124.0,123.0,126.0,124.0,125.0,122.0,127.0,133.0
655,2018-06-16T01:15:00,137.0,4.186000049114227,79.98181818181818,0.0,0.0,0.0,0.0,127.0,126.0,132.0,124.0,123.0,126.0,124.0,125.0,122.0,149.0
656,2018-06-16T01:20:00,131.0,4.025000035762787,82.02608695652174,0.0,0.0,0.0,0.0,137.0,127.0,126.0,132.0,124.0,123.0,126.0,124.0,125.0,139.0
657,2018-06-16T01:25:00,133.0,4.025000035762787,81.6864406779661,0.0,0.0,0.0,0.0,131.0,137.0,127.0,126.0,132.0,124.0,123.0,126.0,124.0,142.0
658,2018-06-16T01:30:00,149.0,4.508000075817108,87.925,0.0,0.0,0.0,0.0,133.0,131.0,137.0,127.0,126.0,132.0,124.0,123.0,126.0,158.0
659,2018-06-16T01:35:00,139.0,4.427500009536743,86.07,0.0,0.0,0.0,0.0,149.0,133.0,131.0,137.0,127.0,126.0,132.0,124.0,123.0,152.0
660,2018-06-16T01:40:00,142.0,4.266500055789948,74.99193548387096,0.0,0.0,0.0,0.0,139.0,149.0,133.0,131.0,137.0,127.0,126.0,132.0,124.0,156.0
661,2018-06-16T01:45:00,158.0,4.025000035762787,73.875,0.0,0.0,0.0,0.0,142.0,139.0,149.0,133.0,131.0,137.0,127.0,126.0,132.0,163.0
662,2018-06-16T01:50:00,152.0,4.025000035762787,74.39473684210526,0.0,0.0,0.0,0.0,158.0,142.0,139.0,149.0,133.0,131.0,137.0,127.0,126.0,162.0
663,2018-06-16T01:55:00,156.0,5.152000069618225,75.21951219512195,7.0,0.0,0.0,0.0,152.0,158.0,142.0,139.0,149.0,133.0,131.0,137.0,127.0,162.0
664,2018-06-16T02:00:00,163.0,4.025000035762787,77.99115044247787,0.0,0.0,0.0,0.0,156.0,152.0,158.0,142.0,139.0,149.0,133.0,131.0,137.0,168.0
665,2018-06-16T02:05:00,162.0,4.266500055789948,78.384,0.0,0.0708333333333333,0.0,0.0,163.0,156.0,152.0,158.0,142.0,139.0,149.0,133.0,131.0,164.0
666,2018-06-16T02:10:00,162.0,4.025000035762787,75.74166666666666,0.0,0.0708333333333333,0.0,0.0,162.0,163.0,156.0,152.0,158.0,142.0,139.0,149.0,133.0,165.0
667,2018-06-16T02:15:00,168.0,4.025000035762787,78.31451612903226,0.0,0.0708333333333333,0.0,0.0,162.0,162.0,163.0,156.0,152.0,158.0,142.0,139.0,149.0,177.0
668,2018-06-16T02:20:00,164.0,4.186000049114227,78.14406779661017,0.0,0.0708333333333333,0.0,0.0,168.0,162.0,162.0,163.0,156.0,152.0,158.0,142.0,139.0,173.0
669,2018-06-16T02:25:00,165.0,5.232500076293945,75.56349206349206,8.0,0.0708333333333333,0.0,0.0,164.0,168.0,162.0,162.0,163.0,156.0,152.0,158.0,142.0,175.0
670,2018-06-16T02:30:00,177.0,4.025000035762787,68.49137931034483,0.0,0.0708333333333333,0.0,0.0,165.0,164.0,168.0,162.0,162.0,163.0,156.0,152.0,158.0,184.0
671,2018-06-16T02:35:00,173.0,4.025000035762787,68.6,0.0,0.0708333333333333,0.0,0.0,177.0,165.0,164.0,168.0,162.0,162.0,163.0,156.0,152.0,178.0
672,2018-06-16T02:40:00,175.0,4.025000035762787,67.93798449612403,0.0,0.0708333333333333,0.0,0.0,173.0,177.0,165.0,164.0,168.0,162.0,162.0,163.0,156.0,179.0
673,2018-06-16T02:45:00,184.0,4.025000035762787,67.19834710743801,0.0,0.0708333333333333,0.0,0.0,175.0,173.0,177.0,165.0,164.0,168.0,162.0,162.0,163.0,187.0
674,2018-06-16T02:50:00,178.0,4.105500042438507,67.5798319327731,0.0,0.0708333333333333,0.0,0.0,184.0,175.0,173.0,177.0,165.0,164.0,168.0,162.0,162.0,180.0
675,2018-06-16T02:55:00,179.0,4.025000035762787,66.78688524590164,0.0,0.0708333333333333,0.0,0.0,178.0,184.0,175.0,173.0,177.0,165.0,164.0,168.0,162.0,181.0
676,2018-06-16T03:00:00,187.0,4.025000035762787,65.8671875,0.0,0.0541666666666666,0.0,0.0,179.0,178.0,184.0,175.0,173.0,177.0,165.0,164.0,168.0,191.0
677,2018-06-16T03:05:00,180.0,4.025000035762787,65.944,0.0,0.0541666666666666,0.0,0.0,187.0,179.0,178.0,184.0,175.0,173.0,177.0,165.0,164.0,184.0
678,2018-06-16T03:10:00,181.0,4.025000035762787,66.43103448275862,0.0,0.0541666666666666,0.0,0.0,180.0,187.0,179.0,178.0,184.0,175.0,173.0,177.0,165.0,187.0
679,2018-06-16T03:15:00,191.0,4.105500042438507,67.85826771653544,0.0,0.0541666666666666,0.0,0.0,181.0,180.0,187.0,179.0,178.0,184.0,175.0,173.0,177.0,193.0
680,2018-06-16T03:20:00,184.0,5.232500076293945,68.15447154471545,8.0,0.0541666666666666,0.0,0.0,191.0,181.0,180.0,187.0,179.0,178.0,184.0,175.0,173.0,182.0
681,2018-06-16T03:25:00,187.0,4.105500042438507,77.08955223880596,0.0,0.0541666666666666,0.0,0.0,184.0,191.0,181.0,180.0,187.0,179.0,178.0,184.0,175.0,178.0
682,2018-06-16T03:30:00,193.0,6.76200008392334,99.90714285714286,0.0,0.0541666666666666,0.0,0.0,187.0,184.0,191.0,181.0,180.0,187.0,179.0,178.0,184.0,184.0
683,2018-06-16T03:35:00,182.0,10.14300000667572,100.46103896103897,0.0,0.0541666666666666,0.0,0.0,193.0,187.0,184.0,191.0,181.0,180.0,187.0,179.0,178.0,177.0
684,2018-06-16T03:40:00,178.0,4.025000035762787,66.5072463768116,0.0,0.0541666666666666,0.0,0.0,182.0,193.0,187.0,184.0,191.0,181.0,180.0,187.0,179.0,177.0
685,2018-06-16T03:45:00,184.0,4.025000035762787,65.14655172413794,0.0,0.0541666666666666,0.0,0.0,178.0,182.0,193.0,187.0,184.0,191.0,181.0,180.0,187.0,164.0
686,2018-06-16T03:50:00,177.0,4.025000035762787,64.82142857142857,0.0,0.0541666666666666,0.0,0.0,184.0,178.0,182.0,193.0,187.0,184.0,191.0,181.0,180.0,170.0
687,2018-06-16T03:55:00,177.0,4.025000035762787,65.32231404958678,0.0,0.0541666666666666,0.0,0.0,177.0,184.0,178.0,182.0,193.0,187.0,184.0,191.0,181.0,167.0
688,2018-06-16T04:00:00,164.0,4.266500055789948,73.71774193548387,0.0,0.0541666666666666,0.0,0.0,177.0,177.0,184.0,178.0,182.0,193.0,187.0,184.0,191.0,149.0
689,2018-06-16T04:05:00,170.0,5.956999897956848,88.73076923076923,10.0,0.0541666666666666,0.0,0.0,164.0,177.0,177.0,184.0,178.0,182.0,193.0,187.0,184.0,160.0
690,2018-06-16T04:10:00,167.0,5.8765000104904175,73.22900763358778,0.0,0.0541666666666666,0.0,0.0,170.0,164.0,177.0,177.0,184.0,178.0,182.0,193.0,187.0,156.0
691,2018-06-16T04:15:00,149.0,4.025000035762787,63.35294117647059,0.0,0.0541666666666666,0.0,0.0,167.0,170.0,164.0,177.0,177.0,184.0,178.0,182.0,193.0,152.0
692,2018-06-16T04:20:00,160.0,4.025000035762787,65.544,0.0,0.0541666666666666,0.0,0.0,149.0,167.0,170.0,164.0,177.0,177.0,184.0,178.0,182.0,157.0
693,2018-06-16T04:25:00,156.0,4.025000035762787,67.47321428571429,0.0,0.0541666666666666,0.0,0.0,160.0,149.0,167.0,170.0,164.0,177.0,177.0,184.0,178.0,157.0
694,2018-06-16T04:30:00,152.0,4.105500042438507,67.936,0.0,0.0541666666666666,0.0,0.0,156.0,160.0,149.0,167.0,170.0,164.0,177.0,177.0,184.0,154.0
695,2018-06-16T04:35:00,157.0,4.025000035762787,65.52631578947368,0.0,0.0541666666666666,0.0,0.0,152.0,156.0,160.0,149.0,167.0,170.0,164.0,177.0,177.0,159.0
696,2018-06-16T04:40:00,157.0,4.025000035762787,65.8360655737705,0.0,0.0541666666666666,0.0,0.0,157.0,152.0,156.0,160.0,149.0,167.0,170.0,164.0,177.0,158.0
697,2018-06-16T04:45:00,154.0,4.025000035762787,65.14782608695653,0.0,0.0541666666666666,0.0,0.0,157.0,157.0,152.0,156.0,160.0,149.0,167.0,170.0,164.0,142.0
698,2018-06-16T04:50:00,159.0,4.025000035762787,65.00826446280992,0.0,0.0541666666666666,0.0,0.0,154.0,157.0,157.0,152.0,156.0,160.0,149.0,167.0,170.0,157.0
699,2018-06-16T04:55:00,158.0,4.025000035762787,65.96875,0.0,0.0541666666666666,0.0,0.0,159.0,154.0,157.0,157.0,152.0,156.0,160.0,149.0,167.0,156.0
700,2018-06-16T05:00:00,142.0,4.025000035762787,65.37007874015748,0.0,0.0416666666666666,0.0,0.0,158.0,159.0,154.0,157.0,157.0,152.0,156.0,160.0,149.0,137.0
701,2018-06-16T05:05:00,157.0,4.025000035762787,63.984,0.0,0.0416666666666666,0.0,0.0,142.0,158.0,159.0,154.0,157.0,157.0,152.0,156.0,160.0,153.0
702,2018-06-16T05:10:00,156.0,4.025000035762787,65.27049180327869,0.0,0.0416666666666666,0.0,0.0,157.0,142.0,158.0,159.0,154.0,157.0,157.0,152.0,156.0,149.0
703,2018-06-16T05:15:00,137.0,4.025000035762787,65.15254237288136,0.0,0.0416666666666666,0.0,0.0,156.0,157.0,142.0,158.0,159.0,154.0,157.0,157.0,152.0,119.0
704,2018-06-16T05:20:00,153.0,4.025000035762787,65.50381679389314,0.0,0.0416666666666666,0.0,0.0,137.0,156.0,157.0,142.0,158.0,159.0,154.0,157.0,157.0,146.0
705,2018-06-16T05:25:00,149.0,4.025000035762787,62.07462686567164,0.0,0.0416666666666666,0.0,0.0,153.0,137.0,156.0,157.0,142.0,158.0,159.0,154.0,157.0,144.0
706,2018-06-16T05:30:00,119.0,4.025000035762787,61.32,0.0,0.0416666666666666,0.0,0.0,149.0,153.0,137.0,156.0,157.0,142.0,158.0,159.0,154.0,107.0
707,2018-06-16T05:35:00,146.0,4.025000035762787,60.97080291970803,0.0,0.0416666666666666,0.0,0.0,119.0,149.0,153.0,137.0,156.0,157.0,142.0,158.0,159.0,133.0
708,2018-06-16T05:40:00,144.0,4.025000035762787,60.43089430894309,0.0,0.0416666666666666,0.0,0.0,146.0,119.0,149.0,153.0,137.0,156.0,157.0,142.0,158.0,131.0
709,2018-06-16T05:45:00,107.0,4.105500042438507,62.28099173553719,0.0,0.0416666666666666,0.0,0.0,144.0,146.0,119.0,149.0,153.0,137.0,156.0,157.0,142.0,120.0
710,2018-06-16T05:50:00,133.0,4.025000035762787,64.57264957264957,0.0,0.0416666666666666,0.0,0.0,107.0,144.0,146.0,119.0,149.0,153.0,137.0,156.0,157.0,131.0
711,2018-06-16T05:55:00,131.0,4.025000035762787,64.36206896551724,0.0,0.0416666666666666,0.0,0.0,133.0,107.0,144.0,146.0,119.0,149.0,153.0,137.0,156.0,131.0
712,2018-06-16T06:00:00,120.0,4.025000035762787,63.678260869565214,0.0,0.0416666666666666,0.0,0.0,131.0,133.0,107.0,144.0,146.0,119.0,149.0,153.0,137.0,121.0
713,2018-06-16T06:05:00,131.0,4.025000035762787,63.41964285714285,0.0,0.0416666666666666,0.0,0.0,120.0,131.0,133.0,107.0,144.0,146.0,119.0,149.0,153.0,133.0
714,2018-06-16T06:10:00,131.0,4.025000035762787,63.8034188034188,0.0,0.0416666666666666,0.0,0.0,131.0,120.0,131.0,133.0,107.0,144.0,146.0,119.0,149.0,136.0
715,2018-06-16T06:15:00,121.0,4.025000035762787,64.74782608695652,0.0,0.0416666666666666,0.0,0.0,131.0,131.0,120.0,131.0,133.0,107.0,144.0,146.0,119.0,122.0
716,2018-06-16T06:20:00,133.0,4.105500042438507,67.66949152542372,0.0,0.0416666666666666,0.0,0.0,121.0,131.0,131.0,120.0,131.0,133.0,107.0,144.0,146.0,136.0
717,2018-06-16T06:25:00,136.0,4.025000035762787,67.296875,0.0,0.0416666666666666,0.0,0.0,133.0,121.0,131.0,131.0,120.0,131.0,133.0,107.0,144.0,137.0
718,2018-06-16T06:30:00,122.0,4.025000035762787,64.45238095238095,0.0,0.0416666666666666,0.0,0.0,136.0,133.0,121.0,131.0,131.0,120.0,131.0,133.0,107.0,129.0
719,2018-06-16T06:35:00,136.0,4.105500042438507,59.74590163934426,0.0,0.0416666666666666,0.0,0.0,122.0,136.0,133.0,121.0,131.0,131.0,120.0,131.0,133.0,138.0
720,2018-06-16T06:40:00,137.0,4.025000035762787,58.16129032258065,0.0,0.0416666666666666,0.0,0.0,136.0,122.0,136.0,133.0,121.0,131.0,131.0,120.0,131.0,137.0
721,2018-06-16T06:45:00,129.0,4.025000035762787,58.19130434782609,0.0,0.0416666666666666,0.0,0.0,137.0,136.0,122.0,136.0,133.0,121.0,131.0,131.0,120.0,128.0
722,2018-06-16T06:50:00,138.0,4.025000035762787,64.30578512396694,0.0,0.0416666666666666,0.0,0.0,129.0,137.0,136.0,122.0,136.0,133.0,121.0,131.0,131.0,136.0
723,2018-06-16T06:55:00,137.0,4.025000035762787,63.07964601769911,0.0,0.0416666666666666,0.0,0.0,138.0,129.0,137.0,136.0,122.0,136.0,133.0,121.0,131.0,135.0
724,2018-06-16T07:00:00,128.0,4.025000035762787,62.75,0.0,0.0416666666666666,0.0,0.0,137.0,138.0,129.0,137.0,136.0,122.0,136.0,133.0,121.0,119.0
725,2018-06-16T07:05:00,136.0,4.025000035762787,62.28695652173913,0.0,0.0416666666666666,0.0,0.0,128.0,137.0,138.0,129.0,137.0,136.0,122.0,136.0,133.0,136.0
726,2018-06-16T07:10:00,135.0,4.025000035762787,63.325,0.0,0.0416666666666666,0.0,0.0,136.0,128.0,137.0,138.0,129.0,137.0,136.0,122.0,136.0,135.0
727,2018-06-16T07:15:00,119.0,4.025000035762787,61.60344827586207,0.0,0.0416666666666666,0.0,0.0,135.0,136.0,128.0,137.0,138.0,129.0,137.0,136.0,122.0,115.0
728,2018-06-16T07:20:00,136.0,4.025000035762787,60.900826446281,0.0,0.0416666666666666,0.0,0.0,119.0,135.0,136.0,128.0,137.0,138.0,129.0,137.0,136.0,133.0
729,2018-06-16T07:25:00,135.0,4.025000035762787,59.816,0.0,0.0416666666666666,0.0,0.0,136.0,119.0,135.0,136.0,128.0,137.0,138.0,129.0,137.0,133.0
730,2018-06-16T07:30:00,115.0,4.025000035762787,59.21666666666667,0.0,0.0416666666666666,0.0,0.0,135.0,136.0,119.0,135.0,136.0,128.0,137.0,138.0,129.0,118.0
731,2018-06-16T07:35:00,133.0,4.025000035762787,60.445378151260506,0.0,0.0416666666666666,0.0,0.0,115.0,135.0,136.0,119.0,135.0,136.0,128.0,137.0,138.0,133.0
732,2018-06-16T07:40:00,133.0,4.105500042438507,63.046875,0.0,0.0416666666666666,0.0,0.0,133.0,115.0,135.0,136.0,119.0,135.0,136.0,128.0,137.0,132.0
733,2018-06-16T07:45:00,118.0,4.025000035762787,65.16521739130435,0.0,0.0416666666666666,0.0,0.0,133.0,133.0,115.0,135.0,136.0,119.0,135.0,136.0,128.0,115.0
734,2018-06-16T07:50:00,133.0,4.025000035762787,63.6864406779661,0.0,0.0416666666666666,0.0,0.0,118.0,133.0,133.0,115.0,135.0,136.0,119.0,135.0,136.0,121.0
735,2018-06-16T07:55:00,132.0,4.025000035762787,63.95762711864407,0.0,0.0416666666666666,0.0,0.0,133.0,118.0,133.0,133.0,115.0,135.0,136.0,119.0,135.0,120.0
736,2018-06-16T08:00:00,115.0,4.025000035762787,65.84496124031008,0.0,0.0416666666666666,0.0,0.0,132.0,133.0,118.0,133.0,133.0,115.0,135.0,136.0,119.0,108.0
737,2018-06-16T08:05:00,121.0,4.025000035762787,65.12820512820512,0.0,0.0416666666666666,0.0,0.0,115.0,132.0,133.0,118.0,133.0,133.0,115.0,135.0,136.0,127.0
738,2018-06-16T08:10:00,120.0,4.025000035762787,64.24137931034483,0.0,0.0416666666666666,0.0,0.0,121.0,115.0,132.0,133.0,118.0,133.0,133.0,115.0,135.0,127.0
739,2018-06-16T08:15:00,108.0,4.025000035762787,64.14159292035399,0.0,0.0416666666666666,0.0,0.0,120.0,121.0,115.0,132.0,133.0,118.0,133.0,133.0,115.0,107.0
740,2018-06-16T08:20:00,127.0,4.105500042438507,64.95348837209302,0.0,0.0416666666666666,0.0,0.0,108.0,120.0,121.0,115.0,132.0,133.0,118.0,133.0,133.0,129.0
741,2018-06-16T08:25:00,127.0,4.025000035762787,62.540983606557376,0.0,0.0416666666666666,0.0,0.0,127.0,108.0,120.0,121.0,115.0,132.0,133.0,118.0,133.0,129.0
742,2018-06-16T08:30:00,107.0,4.025000035762787,63.29824561403509,0.0,0.0416666666666666,0.0,0.0,127.0,127.0,108.0,120.0,121.0,115.0,132.0,133.0,118.0,105.0
743,2018-06-16T08:35:00,129.0,4.025000035762787,59.65040650406504,0.0,0.0416666666666666,0.0,0.0,107.0,127.0,127.0,108.0,120.0,121.0,115.0,132.0,133.0,129.0
744,2018-06-16T08:40:00,129.0,4.025000035762787,60.48760330578512,0.0,0.0416666666666666,0.0,0.0,129.0,107.0,127.0,127.0,108.0,120.0,121.0,115.0,132.0,130.0
745,2018-06-16T08:45:00,105.0,4.025000035762787,61.79527559055118,0.0,0.0416666666666666,0.0,0.0,129.0,129.0,107.0,127.0,127.0,108.0,120.0,121.0,115.0,105.0
746,2018-06-16T08:50:00,129.0,4.025000035762787,61.65,0.0,0.0416666666666666,0.0,0.0,105.0,129.0,129.0,107.0,127.0,127.0,108.0,120.0,121.0,130.0
747,2018-06-16T08:55:00,130.0,4.025000035762787,64.38931297709924,0.0,0.0416666666666666,0.0,0.0,129.0,105.0,129.0,129.0,107.0,127.0,127.0,108.0,120.0,129.0
748,2018-06-16T09:00:00,105.0,4.025000035762787,65.93798449612403,0.0,0.0375,0.0,0.0,130.0,129.0,105.0,129.0,129.0,107.0,127.0,127.0,108.0,102.0
749,2018-06-16T09:05:00,130.0,4.025000035762787,65.61946902654867,0.0,0.0375,0.0,0.0,105.0,130.0,129.0,105.0,129.0,129.0,107.0,127.0,127.0,127.0
750,2018-06-16T09:10:00,129.0,4.025000035762787,64.5078125,0.0,0.0375,0.0,0.0,130.0,105.0,130.0,129.0,105.0,129.0,129.0,107.0,127.0,127.0
751,2018-06-16T09:15:00,102.0,4.025000035762787,64.15315315315316,0.0,0.0375,0.0,0.0,129.0,130.0,105.0,130.0,129.0,105.0,129.0,129.0,107.0,96.0
752,2018-06-16T09:20:00,127.0,4.025000035762787,65.2,0.0,0.0375,0.0,0.0,102.0,129.0,130.0,105.0,130.0,129.0,105.0,129.0,129.0,127.0
753,2018-06-16T09:25:00,127.0,4.025000035762787,65.51785714285714,0.0,0.0375,0.0,0.0,127.0,102.0,129.0,130.0,105.0,130.0,129.0,105.0,129.0,126.0
754,2018-06-16T09:30:00,96.0,4.025000035762787,67.07758620689656,0.0,0.0375,0.0,0.0,127.0,127.0,102.0,129.0,130.0,105.0,130.0,129.0,105.0,97.0
755,2018-06-16T09:35:00,127.0,4.025000035762787,68.85217391304347,0.0,0.0375,0.0,0.0,96.0,127.0,127.0,102.0,129.0,130.0,105.0,130.0,129.0,124.0
756,2018-06-16T09:40:00,126.0,4.025000035762787,67.95275590551181,0.0,0.0375,0.0,0.0,127.0,96.0,127.0,127.0,102.0,129.0,130.0,105.0,130.0,122.0
757,2018-06-16T09:45:00,97.0,4.025000035762787,66.36666666666666,0.0,0.0375,0.0,0.0,126.0,127.0,96.0,127.0,127.0,102.0,129.0,130.0,105.0,98.0
758,2018-06-16T09:50:00,124.0,4.025000035762787,65.92372881355932,0.0,0.0375,0.0,0.0,97.0,126.0,127.0,96.0,127.0,127.0,102.0,129.0,130.0,124.0
759,2018-06-16T09:55:00,122.0,4.025000035762787,66.32173913043478,0.0,0.0375,0.0,0.0,124.0,97.0,126.0,127.0,96.0,127.0,127.0,102.0,129.0,124.0
760,2018-06-16T10:00:00,98.0,4.025000035762787,65.48780487804878,0.0,0.0375,0.0,0.0,122.0,124.0,97.0,126.0,127.0,96.0,127.0,127.0,102.0,97.0
761,2018-06-16T10:05:00,124.0,4.025000035762787,65.38333333333334,0.0,0.0375,0.0,0.0,98.0,122.0,124.0,97.0,126.0,127.0,96.0,127.0,127.0,124.0
762,2018-06-16T10:10:00,124.0,4.025000035762787,66.02542372881356,0.0,0.0375,0.0,0.0,124.0,98.0,122.0,124.0,97.0,126.0,127.0,96.0,127.0,123.0
763,2018-06-16T10:15:00,97.0,4.025000035762787,66.52173913043478,0.0,0.0375,0.0,0.0,124.0,124.0,98.0,122.0,124.0,97.0,126.0,127.0,96.0,100.0
764,2018-06-16T10:20:00,124.0,4.105500042438507,68.59836065573771,0.0,0.0375,0.0,0.0,97.0,124.0,124.0,98.0,122.0,124.0,97.0,126.0,127.0,125.0
765,2018-06-16T10:25:00,123.0,4.025000035762787,63.282051282051285,0.0,0.0375,0.0,0.0,124.0,97.0,124.0,124.0,98.0,122.0,124.0,97.0,126.0,127.0
766,2018-06-16T10:30:00,100.0,4.025000035762787,62.69230769230769,0.0,0.0375,0.0,0.0,123.0,124.0,97.0,124.0,124.0,98.0,122.0,124.0,97.0,115.0
767,2018-06-16T10:35:00,125.0,4.025000035762787,63.30088495575221,0.0,0.0375,0.0,0.0,100.0,123.0,124.0,97.0,124.0,124.0,98.0,122.0,124.0,127.0
768,2018-06-16T10:40:00,127.0,4.025000035762787,63.70175438596491,0.0,0.0375,0.0,0.0,125.0,100.0,123.0,124.0,97.0,124.0,124.0,98.0,122.0,124.0
769,2018-06-16T10:45:00,115.0,6.037500083446503,68.03448275862068,20.0,0.0375,0.0,0.0,127.0,125.0,100.0,123.0,124.0,97.0,124.0,124.0,98.0,130.0
770,2018-06-16T10:50:00,127.0,8.532999992370607,77.0,57.0,0.0375,0.0,0.0,115.0,127.0,125.0,100.0,123.0,124.0,97.0,124.0,124.0,127.0
771,2018-06-16T10:55:00,124.0,7.728000044822693,82.42477876106194,18.0,0.0375,2.7,2.5,127.0,115.0,127.0,125.0,100.0,123.0,124.0,97.0,124.0,134.0
772,2018-06-16T11:00:00,130.0,6.7619999051094055,80.34285714285714,17.0,0.0375,0.0,0.0,124.0,127.0,115.0,127.0,125.0,100.0,123.0,124.0,97.0,182.0
773,2018-06-16T11:05:00,127.0,7.003499925136567,79.62162162162163,44.0,0.0375,0.0,0.0,130.0,124.0,127.0,115.0,127.0,125.0,100.0,123.0,124.0,157.0
774,2018-06-16T11:10:00,134.0,5.634999990463257,83.02654867256638,16.0,0.0375,0.0,0.0,127.0,130.0,124.0,127.0,115.0,127.0,125.0,100.0,123.0,166.0
775,2018-06-16T11:15:00,182.0,11.913999795913696,83.0,109.0,0.0375,0.0,0.0,134.0,127.0,130.0,124.0,127.0,115.0,127.0,125.0,100.0,236.0
776,2018-06-16T11:20:00,157.0,9.982000052928925,82.92105263157895,95.0,0.0375,0.0,0.0,182.0,134.0,127.0,130.0,124.0,127.0,115.0,127.0,125.0,180.0
777,2018-06-16T11:25:00,166.0,7.325499951839448,84.88888888888889,20.0,0.0375,0.0,0.0,157.0,182.0,134.0,127.0,130.0,124.0,127.0,115.0,127.0,185.0
778,2018-06-16T11:30:00,236.0,6.43999981880188,91.96551724137932,11.0,0.0375,0.0,0.0,166.0,157.0,182.0,134.0,127.0,130.0,124.0,127.0,115.0,262.0
779,2018-06-16T11:35:00,180.0,14.328999996185305,100.22522522522524,111.0,0.0375,0.0,0.0,236.0,166.0,157.0,182.0,134.0,127.0,130.0,124.0,127.0,195.0
780,2018-06-16T11:40:00,185.0,13.201999902725222,100.9816513761468,53.0,0.0375,0.0,0.0,180.0,236.0,166.0,157.0,182.0,134.0,127.0,130.0,124.0,199.0
781,2018-06-16T11:45:00,262.0,8.935499906539917,99.53488372093024,34.0,0.0375,0.0,0.0,185.0,180.0,236.0,166.0,157.0,182.0,134.0,127.0,130.0,262.0
782,2018-06-16T11:50:00,195.0,6.27899980545044,90.8095238095238,9.0,0.0375,0.0,0.0,262.0,185.0,180.0,236.0,166.0,157.0,182.0,134.0,127.0,196.0
783,2018-06-16T11:55:00,199.0,6.43999981880188,88.73636363636363,10.0,0.0375,0.0,0.0,195.0,262.0,185.0,180.0,236.0,166.0,157.0,182.0,134.0,197.0
784,2018-06-16T12:00:00,262.0,10.706500053405762,96.39495798319328,132.0,0.0375,0.0,0.0,199.0,195.0,262.0,185.0,180.0,236.0,166.0,157.0,182.0,250.0
785,2018-06-16T12:05:00,196.0,5.232499837875366,90.27586206896552,0.0,0.0375,0.0,0.0,262.0,199.0,195.0,262.0,185.0,180.0,236.0,166.0,157.0,199.0
786,2018-06-16T12:10:00,197.0,8.452499866485596,96.7741935483871,23.0,0.0375,0.0,0.0,196.0,262.0,199.0,195.0,262.0,185.0,180.0,236.0,166.0,199.0
787,2018-06-16T12:15:00,250.0,8.613499879837036,99.92857142857144,25.0,0.0375,0.0,0.0,197.0,196.0,262.0,199.0,195.0,262.0,185.0,180.0,236.0,225.0
788,2018-06-16T12:20:00,199.0,6.761999845504761,96.96491228070175,15.0,0.0375,0.0,0.0,250.0,197.0,196.0,262.0,199.0,195.0,262.0,185.0,180.0,194.0
789,2018-06-16T12:25:00,199.0,8.854999780654907,90.92105263157896,37.0,0.0375,0.0,0.0,199.0,250.0,197.0,196.0,262.0,199.0,195.0,262.0,185.0,188.0
790,2018-06-16T12:30:00,225.0,6.761999845504761,87.99115044247787,32.0,0.0375,0.0,0.0,199.0,199.0,250.0,197.0,196.0,262.0,199.0,195.0,262.0,206.0
791,2018-06-16T12:35:00,194.0,14.731500148773192,101.015503875969,165.0,0.0375,0.0,0.0,225.0,199.0,199.0,250.0,197.0,196.0,262.0,199.0,195.0,181.0
792,2018-06-16T12:40:00,188.0,17.871000051498413,107.84172661870504,212.0,0.0375,0.0,0.0,194.0,225.0,199.0,199.0,250.0,197.0,196.0,262.0,199.0,174.0
793,2018-06-16T12:45:00,206.0,6.600999891757965,87.53488372093024,34.0,0.0375,0.0,0.0,188.0,194.0,225.0,199.0,199.0,250.0,197.0,196.0,262.0,191.0
794,2018-06-16T12:50:00,181.0,10.223500072956083,84.00833333333334,63.0,0.0375,0.0,0.0,206.0,188.0,194.0,225.0,199.0,199.0,250.0,197.0,196.0,167.0
795,2018-06-16T12:55:00,174.0,5.956999897956848,86.2,0.0,0.0375,0.0,0.0,181.0,206.0,188.0,194.0,225.0,199.0,199.0,250.0,197.0,164.0
796,2018-06-16T13:00:00,191.0,4.427500069141388,83.8655462184874,0.0,0.0375,0.0,0.0,174.0,181.0,206.0,188.0,194.0,225.0,199.0,199.0,250.0,157.0
797,2018-06-16T13:05:00,167.0,11.189499974250792,94.16239316239316,80.0,0.0375,0.0,0.0,191.0,174.0,181.0,206.0,188.0,194.0,225.0,199.0,199.0,154.0
798,2018-06-16T13:10:00,164.0,13.362999916076662,96.82727272727271,98.0,0.0375,0.0,0.0,167.0,191.0,174.0,181.0,206.0,188.0,194.0,225.0,199.0,150.0
799,2018-06-16T13:15:00,157.0,11.833499908447266,101.9327731092437,74.0,0.0375,0.0,0.0,164.0,167.0,191.0,174.0,181.0,206.0,188.0,194.0,225.0,148.0
800,2018-06-16T13:20:00,154.0,10.464999914169312,100.17213114754098,44.0,0.0375,0.0,0.0,157.0,164.0,167.0,191.0,174.0,181.0,206.0,188.0,194.0,139.0
801,2018-06-16T13:25:00,150.0,15.617000102996826,105.21818181818182,124.0,0.0375,0.0,0.0,154.0,157.0,164.0,167.0,191.0,174.0,181.0,206.0,188.0,138.0
802,2018-06-16T13:30:00,148.0,13.20199990272522,98.4140625,43.0,0.0375,0.0,0.0,150.0,154.0,157.0,164.0,167.0,191.0,174.0,181.0,206.0,177.0
803,2018-06-16T13:35:00,139.0,11.752999901771544,92.69158878504672,79.0,0.0375,0.0,0.0,148.0,150.0,154.0,157.0,164.0,167.0,191.0,174.0,181.0,149.0
804,2018-06-16T13:40:00,138.0,8.130499839782717,99.22429906542057,34.0,0.0375,0.0,0.0,139.0,148.0,150.0,154.0,157.0,164.0,167.0,191.0,174.0,162.0
805,2018-06-16T13:45:00,177.0,6.761999845504761,95.87387387387388,17.0,0.0375,0.0,0.0,138.0,139.0,148.0,150.0,154.0,157.0,164.0,167.0,191.0,226.0
806,2018-06-16T13:50:00,149.0,6.359499871730804,94.19266055045873,0.0,0.0375,0.0,0.0,177.0,138.0,139.0,148.0,150.0,154.0,157.0,164.0,167.0,172.0
807,2018-06-16T13:55:00,162.0,10.384499907493591,94.53211009174312,48.0,0.0375,0.0,0.0,149.0,177.0,138.0,139.0,148.0,150.0,154.0,157.0,164.0,173.0
808,2018-06-16T14:00:00,226.0,10.706499814987184,92.23853211009174,65.0,0.0375,0.0,0.0,162.0,149.0,177.0,138.0,139.0,148.0,150.0,154.0,157.0,230.0
809,2018-06-16T14:05:00,172.0,6.600999832153321,93.37096774193547,0.0,0.0375,0.0,0.0,226.0,162.0,149.0,177.0,138.0,139.0,148.0,150.0,154.0,174.0
810,2018-06-16T14:10:00,173.0,6.60099995136261,94.80645161290325,8.0,0.0375,0.0,0.0,172.0,226.0,162.0,149.0,177.0,138.0,139.0,148.0,150.0,174.0
811,2018-06-16T14:15:00,230.0,4.9105000495910645,92.02542372881356,0.0,0.0375,5.0,4.0,173.0,172.0,226.0,162.0,149.0,177.0,138.0,139.0,148.0,205.0
812,2018-06-16T14:20:00,174.0,6.681499898433685,93.3529411764706,20.0,0.0375,0.0,0.0,230.0,173.0,172.0,226.0,162.0,149.0,177.0,138.0,139.0,170.0
813,2018-06-16T14:25:00,174.0,7.244999885559082,100.42622950819673,0.0,0.0375,0.0,0.0,174.0,230.0,173.0,172.0,226.0,162.0,149.0,177.0,138.0,170.0
814,2018-06-16T14:30:00,205.0,5.232499837875366,89.48245614035088,0.0,0.0375,0.0,0.0,174.0,174.0,230.0,173.0,172.0,226.0,162.0,149.0,177.0,187.0
815,2018-06-16T14:35:00,170.0,7.647499918937683,86.32075471698113,29.0,0.0375,0.0,0.0,205.0,174.0,174.0,230.0,173.0,172.0,226.0,162.0,149.0,169.0
816,2018-06-16T14:40:00,170.0,6.439999997615814,88.0672268907563,31.0,0.0375,0.0,0.0,170.0,205.0,174.0,174.0,230.0,173.0,172.0,226.0,162.0,164.0
817,2018-06-16T14:45:00,187.0,4.8299999833107,88.00833333333334,0.0,0.0375,0.0,0.0,170.0,170.0,205.0,174.0,174.0,230.0,173.0,172.0,226.0,149.0
818,2018-06-16T14:50:00,169.0,5.634999990463257,82.89565217391305,0.0,0.0375,0.0,0.0,187.0,170.0,170.0,205.0,174.0,174.0,230.0,173.0,172.0,146.0
819,2018-06-16T14:55:00,164.0,7.164499878883362,84.5137614678899,10.0,0.0375,0.0,0.0,169.0,187.0,170.0,170.0,205.0,174.0,174.0,230.0,173.0,136.0
820,2018-06-16T15:00:00,149.0,6.27899980545044,86.21238938053098,0.0,0.0375,0.0,0.0,164.0,169.0,187.0,170.0,170.0,205.0,174.0,174.0,230.0,106.0
821,2018-06-16T15:05:00,146.0,4.427500069141388,84.28205128205128,0.0,0.0375,0.0,0.0,149.0,164.0,169.0,187.0,170.0,170.0,205.0,174.0,174.0,119.0
822,2018-06-16T15:10:00,136.0,6.117999970912934,86.07894736842105,16.0,0.0375,0.0,0.0,146.0,149.0,164.0,169.0,187.0,170.0,170.0,205.0,174.0,116.0
823,2018-06-16T15:15:00,106.0,5.151999890804291,90.41463414634148,0.0,0.0375,0.0,0.0,136.0,146.0,149.0,164.0,169.0,187.0,170.0,170.0,205.0,107.0
824,2018-06-16T15:20:00,119.0,5.232499837875366,90.90322580645162,0.0,0.0375,0.0,0.0,106.0,136.0,146.0,149.0,164.0,169.0,187.0,170.0,170.0,118.0
825,2018-06-16T15:25:00,116.0,5.071499943733215,89.73770491803279,0.0,0.0375,0.0,0.0,119.0,106.0,136.0,146.0,149.0,164.0,169.0,187.0,170.0,124.0
826,2018-06-16T15:30:00,107.0,6.359499871730804,90.08849557522124,16.0,0.0375,0.0,0.0,116.0,119.0,106.0,136.0,146.0,149.0,164.0,169.0,187.0,141.0
827,2018-06-16T15:35:00,118.0,4.9105000495910645,91.20491803278688,0.0,0.0375,0.0,0.0,107.0,116.0,119.0,106.0,136.0,146.0,149.0,164.0,169.0,138.0
828,2018-06-16T15:40:00,124.0,4.99099999666214,93.52100840336136,0.0,0.0375,0.0,0.0,118.0,107.0,116.0,119.0,106.0,136.0,146.0,149.0,164.0,139.0
829,2018-06-16T15:45:00,141.0,5.151999890804291,92.70338983050848,0.0,0.0375,0.0,0.0,124.0,118.0,107.0,116.0,119.0,106.0,136.0,146.0,149.0,149.0
830,2018-06-16T15:50:00,138.0,5.151999890804291,90.80833333333334,0.0,0.0375,0.0,0.0,141.0,124.0,118.0,107.0,116.0,119.0,106.0,136.0,146.0,144.0
831,2018-06-16T15:55:00,139.0,6.117999911308289,90.17948717948718,9.0,0.0375,0.0,0.0,138.0,141.0,124.0,118.0,107.0,116.0,119.0,106.0,136.0,138.0
832,2018-06-16T16:00:00,149.0,5.151999890804291,89.61206896551724,0.0,0.0375,0.0,0.0,139.0,138.0,141.0,124.0,118.0,107.0,116.0,119.0,106.0,130.0
833,2018-06-16T16:05:00,144.0,7.244999945163727,92.03305785123968,7.0,0.0375,0.0,0.0,149.0,139.0,138.0,141.0,124.0,118.0,107.0,116.0,119.0,132.0
834,2018-06-16T16:10:00,138.0,8.774499893188477,102.45806451612904,16.0,0.0375,0.0,0.0,144.0,149.0,139.0,138.0,141.0,124.0,118.0,107.0,116.0,131.0
835,2018-06-16T16:15:00,130.0,7.083999872207642,102.36363636363636,11.0,0.0375,0.0,0.0,138.0,144.0,149.0,139.0,138.0,141.0,124.0,118.0,107.0,144.0
836,2018-06-16T16:20:00,132.0,8.854999959468842,101.89583333333331,114.0,0.0375,0.0,0.0,130.0,138.0,144.0,149.0,139.0,138.0,141.0,124.0,118.0,140.0
837,2018-06-16T16:25:00,131.0,10.464999914169312,100.28125,95.0,0.0375,0.0,0.0,132.0,130.0,138.0,144.0,149.0,139.0,138.0,141.0,124.0,150.0
838,2018-06-16T16:30:00,144.0,9.659999847412111,97.86065573770492,30.0,0.0375,0.0,0.0,131.0,132.0,130.0,138.0,144.0,149.0,139.0,138.0,141.0,175.0
839,2018-06-16T16:35:00,140.0,6.037499964237213,91.19166666666666,0.0,0.0375,0.0,0.0,144.0,131.0,132.0,130.0,138.0,144.0,149.0,139.0,138.0,163.0
840,2018-06-16T16:40:00,150.0,4.8299999833107,91.64661654135338,0.0,0.0375,0.0,0.0,140.0,144.0,131.0,132.0,130.0,138.0,144.0,149.0,139.0,168.0
841,2018-06-16T16:45:00,175.0,5.071499943733215,89.9624060150376,0.0,0.0375,0.0,0.0,150.0,140.0,144.0,131.0,132.0,130.0,138.0,144.0,149.0,183.0
842,2018-06-16T16:50:00,163.0,6.922999978065491,92.27611940298507,36.0,0.0375,0.0,0.0,175.0,150.0,140.0,144.0,131.0,132.0,130.0,138.0,144.0,171.0
843,2018-06-16T16:55:00,168.0,4.025000035762787,85.57723577235772,0.0,0.0375,0.0,0.0,163.0,175.0,150.0,140.0,144.0,131.0,132.0,130.0,138.0,176.0
844,2018-06-16T17:00:00,183.0,4.266500055789948,86.50862068965517,0.0,0.0916666666666666,0.0,0.0,168.0,163.0,175.0,150.0,140.0,144.0,131.0,132.0,130.0,186.0
845,2018-06-16T17:05:00,171.0,4.186000049114227,87.14782608695653,0.0,0.0916666666666666,0.0,0.0,183.0,168.0,163.0,175.0,150.0,140.0,144.0,131.0,132.0,189.0
846,2018-06-16T17:10:00,176.0,5.312999963760376,89.08888888888889,0.0,0.0916666666666666,0.0,0.0,171.0,183.0,168.0,163.0,175.0,150.0,140.0,144.0,131.0,195.0
847,2018-06-16T17:15:00,186.0,5.312999963760376,89.04098360655738,0.0,0.0916666666666666,0.0,0.0,176.0,171.0,183.0,168.0,163.0,175.0,150.0,140.0,144.0,199.0
848,2018-06-16T17:20:00,189.0,4.266499996185303,90.54471544715447,0.0,0.0916666666666666,0.0,0.0,186.0,176.0,171.0,183.0,168.0,163.0,175.0,150.0,140.0,203.0
849,2018-06-16T17:25:00,195.0,4.427500009536743,91.4033613445378,0.0,0.0916666666666666,0.0,0.0,189.0,186.0,176.0,171.0,183.0,168.0,163.0,175.0,150.0,206.0
850,2018-06-16T17:30:00,199.0,4.025000035762787,88.90441176470588,0.0,0.0916666666666666,0.0,0.0,195.0,189.0,186.0,176.0,171.0,183.0,168.0,163.0,175.0,187.0
851,2018-06-16T17:35:00,203.0,4.025000035762787,90.27868852459017,0.0,0.0916666666666666,0.0,0.0,199.0,195.0,189.0,186.0,176.0,171.0,183.0,168.0,163.0,209.0
852,2018-06-16T17:40:00,206.0,4.347000062465668,90.7007874015748,0.0,0.0916666666666666,0.0,0.0,203.0,199.0,195.0,189.0,186.0,176.0,171.0,183.0,168.0,210.0
853,2018-06-16T17:45:00,187.0,4.427500009536743,91.26050420168067,0.0,0.0916666666666666,0.0,0.0,206.0,203.0,199.0,195.0,189.0,186.0,176.0,171.0,183.0,201.0
854,2018-06-16T17:50:00,209.0,4.025000035762787,89.23577235772358,0.0,0.0916666666666666,0.0,0.0,187.0,206.0,203.0,199.0,195.0,189.0,186.0,176.0,171.0,214.0
855,2018-06-16T17:55:00,210.0,4.186000049114227,89.40983606557377,0.0,0.0916666666666666,0.0,0.0,209.0,187.0,206.0,203.0,199.0,195.0,189.0,186.0,176.0,218.0
856,2018-06-16T18:00:00,201.0,4.025000035762787,89.3015873015873,0.0,0.0916666666666666,0.0,0.0,210.0,209.0,187.0,206.0,203.0,199.0,195.0,189.0,186.0,247.0
857,2018-06-16T18:05:00,214.0,4.668999969959259,90.86821705426355,0.0,0.0916666666666666,0.0,0.0,201.0,210.0,209.0,187.0,206.0,203.0,199.0,195.0,189.0,214.0
858,2018-06-16T18:10:00,218.0,4.749500036239624,91.928,0.0,0.0916666666666666,0.0,0.0,214.0,201.0,210.0,209.0,187.0,206.0,203.0,199.0,195.0,212.0
859,2018-06-16T18:15:00,247.0,12.316499948501589,100.88695652173914,49.0,0.0916666666666666,0.0,0.0,218.0,214.0,201.0,210.0,209.0,187.0,206.0,203.0,199.0,237.0
860,2018-06-16T18:20:00,214.0,6.681499898433685,99.09482758620688,6.0,0.0916666666666666,0.0,0.0,247.0,218.0,214.0,201.0,210.0,209.0,187.0,206.0,203.0,209.0
861,2018-06-16T18:25:00,212.0,8.130499839782715,88.59482758620689,48.0,0.0916666666666666,0.0,0.0,214.0,247.0,218.0,214.0,201.0,210.0,209.0,187.0,206.0,210.0
862,2018-06-16T18:30:00,237.0,10.384499788284304,89.87719298245614,91.0,0.0916666666666666,0.0,0.0,212.0,214.0,247.0,218.0,214.0,201.0,210.0,209.0,187.0,256.0
863,2018-06-16T18:35:00,209.0,12.638499975204468,103.13333333333334,57.0,0.0916666666666666,0.0,0.0,237.0,212.0,214.0,247.0,218.0,214.0,201.0,210.0,209.0,212.0
864,2018-06-16T18:40:00,210.0,7.808499991893768,95.93333333333334,18.0,0.0916666666666666,0.6,0.5,209.0,237.0,212.0,214.0,247.0,218.0,214.0,201.0,210.0,215.0
865,2018-06-16T18:45:00,256.0,15.295000076293944,103.5891472868217,128.0,0.0916666666666666,0.0,0.0,210.0,209.0,237.0,212.0,214.0,247.0,218.0,214.0,201.0,270.0
866,2018-06-16T18:50:00,212.0,11.994499921798706,102.92436974789916,56.0,0.0916666666666666,0.0,0.0,256.0,210.0,209.0,237.0,212.0,214.0,247.0,218.0,214.0,219.0
867,2018-06-16T18:55:00,215.0,14.812000036239624,105.96296296296296,66.0,0.0916666666666666,0.0,0.0,212.0,256.0,210.0,209.0,237.0,212.0,214.0,247.0,218.0,221.0
868,2018-06-16T19:00:00,270.0,8.935499906539917,102.504,60.0,0.075,0.0,0.0,215.0,212.0,256.0,210.0,209.0,237.0,212.0,214.0,247.0,262.0
869,2018-06-16T19:05:00,219.0,10.14299988746643,101.7391304347826,35.0,0.075,0.0,0.0,270.0,215.0,212.0,256.0,210.0,209.0,237.0,212.0,214.0,220.0
870,2018-06-16T19:10:00,221.0,5.151999890804291,93.90350877192982,0.0,0.075,0.0,0.0,219.0,270.0,215.0,212.0,256.0,210.0,209.0,237.0,212.0,219.0
871,2018-06-16T19:15:00,262.0,5.151999890804291,92.28181818181818,0.0,0.075,0.0,0.0,221.0,219.0,270.0,215.0,212.0,256.0,210.0,209.0,237.0,237.0
872,2018-06-16T19:20:00,220.0,8.130499839782715,93.6991150442478,65.0,0.075,0.0,0.0,262.0,221.0,219.0,270.0,215.0,212.0,256.0,210.0,209.0,210.0
873,2018-06-16T19:25:00,219.0,25.92100048065185,115.59558823529412,546.0,0.075,0.0,0.0,220.0,262.0,221.0,219.0,270.0,215.0,212.0,256.0,210.0,202.0
874,2018-06-16T19:30:00,237.0,10.303999900817873,95.78813559322032,100.0,0.075,0.0,0.0,219.0,220.0,262.0,221.0,219.0,270.0,215.0,212.0,256.0,204.0
875,2018-06-16T19:35:00,210.0,15.053500175476072,103.36184210526316,246.0,0.075,0.0,0.0,237.0,219.0,220.0,262.0,221.0,219.0,270.0,215.0,212.0,179.0
876,2018-06-16T19:40:00,202.0,7.164499938488007,102.4318181818182,6.0,0.075,0.0,0.0,210.0,237.0,219.0,220.0,262.0,221.0,219.0,270.0,215.0,174.0
877,2018-06-16T19:45:00,204.0,16.100000143051147,107.5078125,127.0,0.075,0.0,0.0,202.0,210.0,237.0,219.0,220.0,262.0,221.0,219.0,270.0,175.0
878,2018-06-16T19:50:00,179.0,20.76900005340576,109.3191489361702,311.0,0.075,0.0,0.0,204.0,202.0,210.0,237.0,219.0,220.0,262.0,221.0,219.0,161.0
879,2018-06-16T19:55:00,174.0,21.734999895095825,107.81967213114754,398.0,0.075,0.0,0.0,179.0,204.0,202.0,210.0,237.0,219.0,220.0,262.0,221.0,155.0
880,2018-06-16T20:00:00,175.0,6.922999858856201,96.55555555555556,12.0,0.075,0.0,0.0,174.0,179.0,204.0,202.0,210.0,237.0,219.0,220.0,262.0,143.0
881,2018-06-16T20:05:00,161.0,5.151999890804291,91.5042735042735,0.0,0.075,0.0,0.0,175.0,174.0,179.0,204.0,202.0,210.0,237.0,219.0,220.0,144.0
882,2018-06-16T20:10:00,155.0,5.232499837875366,90.36290322580643,0.0,0.075,0.0,0.0,161.0,175.0,174.0,179.0,204.0,202.0,210.0,237.0,219.0,137.0
883,2018-06-16T20:15:00,143.0,5.151999890804291,90.19827586206895,0.0,0.075,0.0,0.0,155.0,161.0,175.0,174.0,179.0,204.0,202.0,210.0,237.0,132.0
884,2018-06-16T20:20:00,144.0,6.27899980545044,90.448,8.0,0.075,0.0,0.0,143.0,155.0,161.0,175.0,174.0,179.0,204.0,202.0,210.0,128.0
885,2018-06-16T20:25:00,137.0,8.774499833583832,91.78448275862068,42.0,0.075,0.0,0.0,144.0,143.0,155.0,161.0,175.0,174.0,179.0,204.0,202.0,124.0
886,2018-06-16T20:30:00,132.0,9.820999860763552,94.41071428571428,68.0,0.075,0.0,0.0,137.0,144.0,143.0,155.0,161.0,175.0,174.0,179.0,204.0,101.0
887,2018-06-16T20:35:00,128.0,19.320000171661377,108.72727272727272,288.0,0.075,0.0,0.0,132.0,137.0,144.0,143.0,155.0,161.0,175.0,174.0,179.0,117.0
888,2018-06-16T20:40:00,124.0,13.685000061988829,108.8358208955224,38.0,0.075,0.0,0.0,128.0,132.0,137.0,144.0,143.0,155.0,161.0,175.0,174.0,114.0
889,2018-06-16T20:45:00,101.0,4.186000049114227,86.59398496240601,0.0,0.075,0.0,0.0,124.0,128.0,132.0,137.0,144.0,143.0,155.0,161.0,175.0,90.0
890,2018-06-16T20:50:00,117.0,4.025000035762787,81.63709677419355,0.0,0.075,0.0,0.0,101.0,124.0,128.0,132.0,137.0,144.0,143.0,155.0,161.0,109.0
891,2018-06-16T20:55:00,114.0,4.025000035762787,78.52898550724638,0.0,0.075,0.0,0.0,117.0,101.0,124.0,128.0,132.0,137.0,144.0,143.0,155.0,107.0
892,2018-06-16T21:00:00,90.0,4.025000035762787,81.10344827586206,0.0,0.0583333333333333,0.0,0.0,114.0,117.0,101.0,124.0,128.0,132.0,137.0,144.0,143.0,80.0
893,2018-06-16T21:05:00,109.0,4.025000035762787,76.8015873015873,0.0,0.0583333333333333,0.0,0.0,90.0,114.0,117.0,101.0,124.0,128.0,132.0,137.0,144.0,100.0
894,2018-06-16T21:10:00,107.0,4.025000035762787,76.36290322580645,0.0,0.0583333333333333,0.0,0.0,109.0,90.0,114.0,117.0,101.0,124.0,128.0,132.0,137.0,96.0
895,2018-06-16T21:15:00,80.0,4.105500042438507,75.28455284552845,0.0,0.0583333333333333,0.0,0.0,107.0,109.0,90.0,114.0,117.0,101.0,124.0,128.0,132.0,68.0
896,2018-06-16T21:20:00,100.0,4.025000035762787,77.592,0.0,0.0583333333333333,0.0,0.0,80.0,107.0,109.0,90.0,114.0,117.0,101.0,124.0,128.0,91.0
897,2018-06-16T21:25:00,96.0,4.025000035762787,79.55737704918033,0.0,0.0583333333333333,0.0,0.0,100.0,80.0,107.0,109.0,90.0,114.0,117.0,101.0,124.0,88.0
898,2018-06-16T21:30:00,68.0,4.025000035762787,78.99193548387096,0.0,0.0583333333333333,0.0,0.0,96.0,100.0,80.0,107.0,109.0,90.0,114.0,117.0,101.0,62.0
899,2018-06-16T21:35:00,91.0,4.025000035762787,77.09322033898304,0.0,0.0583333333333333,0.0,0.0,68.0,96.0,100.0,80.0,107.0,109.0,90.0,114.0,117.0,81.0
900,2018-06-16T21:40:00,88.0,4.025000035762787,77.2892561983471,0.0,0.0583333333333333,0.0,0.0,91.0,68.0,96.0,100.0,80.0,107.0,109.0,90.0,114.0,79.0
901,2018-06-16T21:45:00,62.0,6.681499898433685,78.21929824561404,29.0,0.0583333333333333,0.0,0.0,88.0,91.0,68.0,96.0,100.0,80.0,107.0,109.0,90.0,59.0
902,2018-06-16T21:50:00,81.0,4.347000062465668,80.35514018691589,0.0,0.0583333333333333,0.0,0.0,62.0,88.0,91.0,68.0,96.0,100.0,80.0,107.0,109.0,76.0
903,2018-06-16T21:55:00,79.0,4.025000035762787,83.8018018018018,0.0,0.0583333333333333,0.0,0.0,81.0,62.0,88.0,91.0,68.0,96.0,100.0,80.0,107.0,80.0
904,2018-06-16T22:00:00,59.0,4.105500042438507,80.23008849557522,0.0,0.0,0.0,0.0,79.0,81.0,62.0,88.0,91.0,68.0,96.0,100.0,80.0,75.0
905,2018-06-16T22:05:00,76.0,4.025000035762787,80.58333333333333,0.0,0.0,0.0,0.0,59.0,79.0,81.0,62.0,88.0,91.0,68.0,96.0,100.0,88.0
906,2018-06-16T22:10:00,80.0,4.105500042438507,78.16981132075472,0.0,0.0,0.0,0.0,76.0,59.0,79.0,81.0,62.0,88.0,91.0,68.0,96.0,99.0
907,2018-06-16T22:15:00,75.0,4.105500042438507,82.71544715447155,0.0,0.0,0.0,0.0,80.0,76.0,59.0,79.0,81.0,62.0,88.0,91.0,68.0,85.0
908,2018-06-16T22:20:00,88.0,4.025000035762787,76.7008547008547,0.0,0.0,0.0,0.0,75.0,80.0,76.0,59.0,79.0,81.0,62.0,88.0,91.0,126.0
909,2018-06-16T22:25:00,99.0,4.105500042438507,76.99090909090908,0.0,0.0,0.0,0.0,88.0,75.0,80.0,76.0,59.0,79.0,81.0,62.0,88.0,124.0
910,2018-06-16T22:30:00,85.0,4.186000049114227,78.28205128205128,0.0,0.0583333333333333,0.0,0.0,99.0,88.0,75.0,80.0,76.0,59.0,79.0,81.0,62.0,150.0
911,2018-06-16T22:35:00,126.0,4.105500042438507,75.71428571428571,0.0,0.0583333333333333,1.5,2.0,85.0,99.0,88.0,75.0,80.0,76.0,59.0,79.0,81.0,158.66666666666666
912,2018-06-16T22:40:00,124.0,4.105500042438507,75.58974358974359,0.0,0.0583333333333333,0.0,0.0,126.0,85.0,99.0,88.0,75.0,80.0,76.0,59.0,79.0,167.33333333333334
913,2018-06-16T22:45:00,150.0,5.152000069618225,77.75892857142857,0.0,0.0583333333333333,0.0,0.0,124.0,126.0,85.0,99.0,88.0,75.0,80.0,76.0,59.0,176.0
914,2018-06-16T22:50:00,158.66666666666666,4.105500042438507,79.3103448275862,0.0,0.0583333333333333,0.0,0.0,150.0,124.0,126.0,85.0,99.0,88.0,75.0,80.0,76.0,190.0
915,2018-06-16T22:55:00,167.33333333333334,4.025000035762787,79.70588235294117,0.0,0.0583333333333333,0.0,0.0,158.66666666666666,150.0,124.0,126.0,85.0,99.0,88.0,75.0,80.0,204.0
916,2018-06-16T23:00:00,176.0,4.105500042438507,81.0495867768595,0.0,0.0583333333333333,0.0,0.0,167.33333333333334,158.66666666666666,150.0,124.0,126.0,85.0,99.0,88.0,75.0,218.0
917,2018-06-16T23:05:00,190.0,4.025000035762787,82.12121212121212,0.0,0.0583333333333333,0.0,0.0,176.0,167.33333333333334,158.66666666666666,150.0,124.0,126.0,85.0,99.0,88.0,223.33333333333331
918,2018-06-16T23:10:00,204.0,4.025000035762787,83.10852713178295,0.0,0.0583333333333333,0.0,0.0,190.0,176.0,167.33333333333334,158.66666666666666,150.0,124.0,126.0,85.0,99.0,228.66666666666663
919,2018-06-16T23:15:00,218.0,5.715499937534332,88.0,0.0,0.0583333333333333,0.0,0.0,204.0,190.0,176.0,167.33333333333334,158.66666666666666,150.0,124.0,126.0,85.0,234.0
920,2018-06-16T23:20:00,223.33333333333331,4.508000075817108,94.63779527559056,0.0,0.0583333333333333,0.0,0.0,218.0,204.0,190.0,176.0,167.33333333333334,158.66666666666666,150.0,124.0,126.0,240.0
921,2018-06-16T23:25:00,228.66666666666663,4.508000075817108,94.515873015873,0.0,0.0583333333333333,0.0,0.0,223.33333333333331,218.0,204.0,190.0,176.0,167.33333333333334,158.66666666666666,150.0,124.0,246.0
922,2018-06-16T23:30:00,234.0,4.9105000495910645,91.43697478991596,0.0,0.0583333333333333,1.0,0.0,228.66666666666663,223.33333333333331,218.0,204.0,190.0,176.0,167.33333333333334,158.66666666666666,150.0,252.0
923,2018-06-16T23:35:00,240.0,4.749500036239624,88.4453781512605,0.0,0.0583333333333333,0.0,0.0,234.0,228.66666666666663,223.33333333333331,218.0,204.0,190.0,176.0,167.33333333333334,158.66666666666666,248.0
924,2018-06-16T23:40:00,246.0,4.025000035762787,83.856,0.0,0.0583333333333333,0.0,0.0,240.0,234.0,228.66666666666663,223.33333333333331,218.0,204.0,190.0,176.0,167.33333333333334,244.0
925,2018-06-16T23:45:00,252.0,4.025000035762787,80.15079365079364,0.0,0.0583333333333333,0.0,0.0,246.0,240.0,234.0,228.66666666666663,223.33333333333331,218.0,204.0,190.0,176.0,240.0
926,2018-06-16T23:50:00,248.0,4.025000035762787,78.01680672268908,0.0,0.0583333333333333,0.0,0.0,252.0,246.0,240.0,234.0,228.66666666666663,223.33333333333331,218.0,204.0,190.0,235.5
927,2018-06-16T23:55:00,244.0,4.025000035762787,79.43010752688173,0.0,0.0583333333333333,0.0,0.0,248.0,252.0,246.0,240.0,234.0,228.66666666666663,223.33333333333331,218.0,204.0,231.0
928,2018-06-17T00:00:00,240.0,4.025000035762787,76.97520661157024,0.0,0.0708333333333333,0.0,0.0,244.0,248.0,252.0,246.0,240.0,234.0,228.66666666666663,223.33333333333331,218.0,231.0
929,2018-06-17T00:05:00,235.5,4.025000035762787,78.01724137931035,0.0,0.0708333333333333,0.0,0.0,240.0,244.0,248.0,252.0,246.0,240.0,234.0,228.66666666666663,223.33333333333331,227.0
930,2018-06-17T00:10:00,231.0,4.025000035762787,75.72868217054264,0.0,0.0708333333333333,0.0,0.0,235.5,240.0,244.0,248.0,252.0,246.0,240.0,234.0,228.66666666666663,224.0
931,2018-06-17T00:15:00,231.0,6.600999891757965,80.93103448275862,14.0,0.0708333333333333,0.0,0.0,231.0,235.5,240.0,244.0,248.0,252.0,246.0,240.0,234.0,203.0
932,2018-06-17T00:20:00,227.0,4.105500042438507,80.43859649122807,0.0,0.0708333333333333,0.0,0.0,231.0,231.0,235.5,240.0,244.0,248.0,252.0,246.0,240.0,207.0
933,2018-06-17T00:25:00,224.0,4.025000035762787,78.69747899159664,0.0,0.0708333333333333,0.0,0.0,227.0,231.0,231.0,235.5,240.0,244.0,248.0,252.0,246.0,199.0
934,2018-06-17T00:30:00,203.0,4.025000035762787,77.67213114754098,0.0,0.0708333333333333,0.0,0.0,224.0,227.0,231.0,231.0,235.5,240.0,244.0,248.0,252.0,177.0
935,2018-06-17T00:35:00,207.0,4.025000035762787,76.46491228070175,0.0,0.0708333333333333,0.0,0.0,203.0,224.0,227.0,231.0,231.0,235.5,240.0,244.0,248.0,189.0
936,2018-06-17T00:40:00,199.0,4.025000035762787,74.22950819672131,0.0,0.0708333333333333,0.0,0.0,207.0,203.0,224.0,227.0,231.0,231.0,235.5,240.0,244.0,185.0
937,2018-06-17T00:45:00,177.0,4.025000035762787,72.2520325203252,0.0,0.0708333333333333,0.0,0.0,199.0,207.0,203.0,224.0,227.0,231.0,231.0,235.5,240.0,158.0
938,2018-06-17T00:50:00,189.0,4.025000035762787,75.65413533834587,0.0,0.0708333333333333,0.0,0.0,177.0,199.0,207.0,203.0,224.0,227.0,231.0,231.0,235.5,175.0
939,2018-06-17T00:55:00,185.0,4.025000035762787,77.87022900763358,0.0,0.0708333333333333,0.0,0.0,189.0,177.0,199.0,207.0,203.0,224.0,227.0,231.0,231.0,172.0
940,2018-06-17T01:00:00,158.0,4.025000035762787,77.22950819672131,0.0,0.0708333333333333,0.0,0.0,185.0,189.0,177.0,199.0,207.0,203.0,224.0,227.0,231.0,145.0
941,2018-06-17T01:05:00,175.0,4.025000035762787,72.61313868613139,0.0,0.0708333333333333,0.0,0.0,158.0,185.0,189.0,177.0,199.0,207.0,203.0,224.0,227.0,168.0
942,2018-06-17T01:10:00,172.0,4.025000035762787,72.82945736434108,0.0,0.0708333333333333,0.0,0.0,175.0,158.0,185.0,189.0,177.0,199.0,207.0,203.0,224.0,161.0
943,2018-06-17T01:15:00,145.0,4.105500042438507,72.79508196721312,0.0,0.0708333333333333,0.0,0.0,172.0,175.0,158.0,185.0,189.0,177.0,199.0,207.0,203.0,131.0
944,2018-06-17T01:20:00,168.0,4.025000035762787,74.95967741935483,0.0,0.0708333333333333,0.0,0.0,145.0,172.0,175.0,158.0,185.0,189.0,177.0,199.0,207.0,142.0
945,2018-06-17T01:25:00,161.0,4.025000035762787,74.99145299145299,0.0,0.0708333333333333,0.0,0.0,168.0,145.0,172.0,175.0,158.0,185.0,189.0,177.0,199.0,139.0
946,2018-06-17T01:30:00,131.0,4.105500042438507,77.25373134328358,0.0,0.0708333333333333,0.0,0.0,161.0,168.0,145.0,172.0,175.0,158.0,185.0,189.0,177.0,126.0
947,2018-06-17T01:35:00,142.0,4.025000035762787,76.02564102564102,0.0,0.0708333333333333,0.0,0.0,131.0,161.0,168.0,145.0,172.0,175.0,158.0,185.0,189.0,132.0
948,2018-06-17T01:40:00,139.0,4.025000035762787,74.39473684210526,0.0,0.0708333333333333,0.0,0.0,142.0,131.0,161.0,168.0,145.0,172.0,175.0,158.0,185.0,132.0
949,2018-06-17T01:45:00,126.0,4.025000035762787,72.42372881355932,0.0,0.0708333333333333,0.0,0.0,139.0,142.0,131.0,161.0,168.0,145.0,172.0,175.0,158.0,116.0
950,2018-06-17T01:50:00,132.0,4.025000035762787,72.23484848484848,0.0,0.0708333333333333,0.0,0.0,126.0,139.0,142.0,131.0,161.0,168.0,145.0,172.0,175.0,129.0
951,2018-06-17T01:55:00,132.0,4.025000035762787,73.2,0.0,0.0708333333333333,0.0,0.0,132.0,126.0,139.0,142.0,131.0,161.0,168.0,145.0,172.0,127.0
952,2018-06-17T02:00:00,116.0,4.025000035762787,72.62295081967213,0.0,0.0708333333333333,0.0,0.0,132.0,132.0,126.0,139.0,142.0,131.0,161.0,168.0,145.0,83.0
953,2018-06-17T02:05:00,129.0,4.025000035762787,73.70796460176992,0.0,0.0708333333333333,0.0,0.0,116.0,132.0,132.0,126.0,139.0,142.0,131.0,161.0,168.0,129.0
954,2018-06-17T02:10:00,127.0,4.105500042438507,76.96694214876032,0.0,0.0708333333333333,0.0,0.0,129.0,116.0,132.0,132.0,126.0,139.0,142.0,131.0,161.0,129.0
955,2018-06-17T02:15:00,83.0,4.025000035762787,77.87596899224806,0.0,0.0708333333333333,0.0,0.0,127.0,129.0,116.0,132.0,132.0,126.0,139.0,142.0,131.0,80.0
956,2018-06-17T02:20:00,129.0,4.025000035762787,72.71818181818182,0.0,0.0708333333333333,0.0,0.0,83.0,127.0,129.0,116.0,132.0,132.0,126.0,139.0,142.0,129.0
957,2018-06-17T02:25:00,129.0,4.025000035762787,72.10344827586206,0.0,0.0708333333333333,0.0,0.0,129.0,83.0,127.0,129.0,116.0,132.0,132.0,126.0,139.0,129.0
958,2018-06-17T02:30:00,80.0,4.025000035762787,72.00854700854701,0.0,0.0708333333333333,0.0,0.0,129.0,129.0,83.0,127.0,129.0,116.0,132.0,132.0,126.0,116.0
959,2018-06-17T02:35:00,129.0,4.025000035762787,73.44444444444444,0.0,0.0708333333333333,0.0,0.0,80.0,129.0,129.0,83.0,127.0,129.0,116.0,132.0,132.0,128.0
960,2018-06-17T02:40:00,129.0,4.025000035762787,71.12820512820512,0.0,0.0708333333333333,0.0,0.0,129.0,80.0,129.0,129.0,83.0,127.0,129.0,116.0,132.0,128.0
961,2018-06-17T02:45:00,116.0,4.025000035762787,68.57627118644068,0.0,0.0708333333333333,0.0,0.0,129.0,129.0,80.0,129.0,129.0,83.0,127.0,129.0,116.0,114.0
962,2018-06-17T02:50:00,128.0,4.025000035762787,69.50909090909092,0.0,0.0708333333333333,0.0,0.0,116.0,129.0,129.0,80.0,129.0,129.0,83.0,127.0,129.0,131.0
963,2018-06-17T02:55:00,128.0,4.105500042438507,71.7107438016529,0.0,0.0708333333333333,0.0,0.0,128.0,116.0,129.0,129.0,80.0,129.0,129.0,83.0,127.0,130.0
964,2018-06-17T03:00:00,114.0,4.025000035762787,72.96774193548387,0.0,0.0541666666666666,0.0,0.0,128.0,128.0,116.0,129.0,129.0,80.0,129.0,129.0,83.0,98.0
965,2018-06-17T03:05:00,131.0,4.025000035762787,68.1869918699187,0.0,0.0541666666666666,0.0,0.0,114.0,128.0,128.0,116.0,129.0,129.0,80.0,129.0,129.0,127.0
966,2018-06-17T03:10:00,130.0,4.025000035762787,64.38518518518518,0.0,0.0541666666666666,0.0,0.0,131.0,114.0,128.0,128.0,116.0,129.0,129.0,80.0,129.0,126.0
967,2018-06-17T03:15:00,98.0,4.025000035762787,66.07936507936508,0.0,0.0541666666666666,0.0,0.0,130.0,131.0,114.0,128.0,128.0,116.0,129.0,129.0,80.0,97.0
968,2018-06-17T03:20:00,127.0,4.025000035762787,67.77235772357723,0.0,0.0541666666666666,0.0,0.0,98.0,130.0,131.0,114.0,128.0,128.0,116.0,129.0,129.0,122.0
969,2018-06-17T03:25:00,126.0,4.025000035762787,67.6930693069307,0.0,0.0541666666666666,0.0,0.0,127.0,98.0,130.0,131.0,114.0,128.0,128.0,116.0,129.0,120.0
970,2018-06-17T03:30:00,97.0,4.025000035762787,67.29238333009825,0.0,0.0541666666666666,0.0,0.0,126.0,127.0,98.0,130.0,131.0,114.0,128.0,128.0,116.0,92.0
971,2018-06-17T03:35:00,122.0,4.025000035762787,66.9602892330619,0.0,0.0541666666666666,0.0,0.0,97.0,126.0,127.0,98.0,130.0,131.0,114.0,128.0,128.0,117.0
972,2018-06-17T03:40:00,120.0,4.025000035762787,66.68622923478027,0.0,0.0541666666666666,0.0,0.0,122.0,97.0,126.0,127.0,98.0,130.0,131.0,114.0,128.0,116.0
973,2018-06-17T03:45:00,92.0,4.025000035762787,66.45964555421196,0.0,0.0541666666666666,0.0,0.0,120.0,122.0,97.0,126.0,127.0,98.0,130.0,131.0,114.0,82.0
974,2018-06-17T03:50:00,117.0,4.025000035762787,66.26998041031557,0.0,0.0541666666666666,0.0,0.0,92.0,120.0,122.0,97.0,126.0,127.0,98.0,130.0,131.0,113.0
975,2018-06-17T03:55:00,116.0,4.025000035762787,66.1066760220497,0.0,0.0541666666666666,0.0,0.0,117.0,92.0,120.0,122.0,97.0,126.0,127.0,98.0,130.0,112.0
976,2018-06-17T04:00:00,82.0,4.025000035762787,65.95917460837296,0.0,0.0541666666666666,0.0,0.0,116.0,117.0,92.0,120.0,122.0,97.0,126.0,127.0,98.0,74.0
977,2018-06-17T04:05:00,113.0,4.025000035762787,65.8169183882439,0.0,0.0541666666666666,0.0,0.0,82.0,116.0,117.0,92.0,120.0,122.0,97.0,126.0,127.0,109.0
978,2018-06-17T04:10:00,112.0,4.025000035762787,65.66934958062116,0.0,0.0541666666666666,0.0,0.0,113.0,82.0,116.0,117.0,92.0,120.0,122.0,97.0,126.0,108.0
979,2018-06-17T04:15:00,74.0,4.025000035762787,65.50591040446332,0.0,0.0541666666666666,0.0,0.0,112.0,113.0,82.0,116.0,117.0,92.0,120.0,122.0,97.0,72.0
980,2018-06-17T04:20:00,109.0,4.025000035762787,65.31604307872897,0.0,0.0541666666666666,0.0,0.0,74.0,112.0,113.0,82.0,116.0,117.0,92.0,120.0,122.0,106.0
981,2018-06-17T04:25:00,108.0,4.025000035762787,65.08918982237674,0.0,0.0541666666666666,0.0,0.0,109.0,74.0,112.0,113.0,82.0,116.0,117.0,92.0,120.0,105.0
982,2018-06-17T04:30:00,72.0,4.025000035762787,64.8147928543652,0.0,0.0541666666666666,0.0,0.0,108.0,109.0,74.0,112.0,113.0,82.0,116.0,117.0,92.0,73.0
983,2018-06-17T04:35:00,106.0,4.025000035762787,64.48229439365295,0.0,0.0541666666666666,0.0,0.0,72.0,108.0,109.0,74.0,112.0,113.0,82.0,116.0,117.0,102.0
984,2018-06-17T04:40:00,105.0,4.025000035762787,64.08113665919859,0.0,0.0541666666666666,0.0,0.0,106.0,72.0,108.0,109.0,74.0,112.0,113.0,82.0,116.0,101.0
985,2018-06-17T04:45:00,73.0,4.025000035762787,63.60076186996074,0.0,0.0541666666666666,0.0,0.0,105.0,106.0,72.0,108.0,109.0,74.0,112.0,113.0,82.0,72.0
986,2018-06-17T04:50:00,102.0,4.025000035762787,63.03061224489796,0.0,0.0541666666666666,0.0,0.0,73.0,105.0,106.0,72.0,108.0,109.0,74.0,112.0,113.0,99.0
987,2018-06-17T04:55:00,101.0,4.025000035762787,62.67741935483871,0.0,0.0541666666666666,0.0,0.0,102.0,73.0,105.0,106.0,72.0,108.0,109.0,74.0,112.0,98.0
988,2018-06-17T05:00:00,72.0,4.025000035762787,62.97478991596638,0.0,0.0416666666666666,0.0,0.0,101.0,102.0,73.0,105.0,106.0,72.0,108.0,109.0,74.0,72.0
989,2018-06-17T05:05:00,99.0,4.025000035762787,63.10434782608696,0.0,0.0416666666666666,0.0,0.0,72.0,101.0,102.0,73.0,105.0,106.0,72.0,108.0,109.0,97.0
990,2018-06-17T05:10:00,98.0,4.105500042438507,65.6640625,0.0,0.0416666666666666,0.0,0.0,99.0,72.0,101.0,102.0,73.0,105.0,106.0,72.0,108.0,95.0
991,2018-06-17T05:15:00,72.0,4.025000035762787,58.17117117117117,0.0,0.0416666666666666,0.0,0.0,98.0,99.0,72.0,101.0,102.0,73.0,105.0,106.0,72.0,69.0
992,2018-06-17T05:20:00,97.0,4.025000035762787,57.78991596638655,0.0,0.0416666666666666,0.0,0.0,72.0,98.0,99.0,72.0,101.0,102.0,73.0,105.0,106.0,86.0
993,2018-06-17T05:25:00,95.0,4.025000035762787,58.95762711864407,0.0,0.0416666666666666,0.0,0.0,97.0,72.0,98.0,99.0,72.0,101.0,102.0,73.0,105.0,88.0
994,2018-06-17T05:30:00,69.0,4.186000049114227,64.0909090909091,0.0,0.0416666666666666,0.0,0.0,95.0,97.0,72.0,98.0,99.0,72.0,101.0,102.0,73.0,92.0
995,2018-06-17T05:35:00,86.0,4.347000062465668,75.2905982905983,0.0,0.0416666666666666,0.0,0.0,69.0,95.0,97.0,72.0,98.0,99.0,72.0,101.0,102.0,102.0
996,2018-06-17T05:40:00,88.0,4.347000062465668,76.25688073394495,0.0,0.0416666666666666,0.0,0.0,86.0,69.0,95.0,97.0,72.0,98.0,99.0,72.0,101.0,108.0
997,2018-06-17T05:45:00,92.0,5.474000096321106,80.63716814159292,8.0,0.0416666666666666,0.0,0.0,88.0,86.0,69.0,95.0,97.0,72.0,98.0,99.0,72.0,126.0
998,2018-06-17T05:50:00,102.0,4.105500042438507,65.24137931034483,0.0,0.0416666666666666,0.0,0.0,92.0,88.0,86.0,69.0,95.0,97.0,72.0,98.0,99.0,129.0
999,2018-06-17T05:55:00,108.0,4.025000035762787,61.91964285714285,0.0,0.0416666666666666,0.0,0.0,102.0,92.0,88.0,86.0,69.0,95.0,97.0,72.0,98.0,142.0
1000,2018-06-17T06:00:00,126.0,4.105500042438507,63.823008849557525,0.0,0.0416666666666666,0.0,0.0,108.0,102.0,92.0,88.0,86.0,69.0,95.0,97.0,72.0,156.0
1001,2018-06-17T06:05:00,129.0,4.991000056266785,63.58536585365854,5.0,0.0416666666666666,0.0,0.0,126.0,108.0,102.0,92.0,88.0,86.0,69.0,95.0,97.0,155.0
1002,2018-06-17T06:10:00,142.0,4.025000035762787,61.03508771929825,0.0,0.0416666666666666,0.0,0.0,129.0,126.0,108.0,102.0,92.0,88.0,86.0,69.0,95.0,163.0
1003,2018-06-17T06:15:00,156.0,4.266500055789948,67.64957264957265,0.0,0.0416666666666666,0.0,0.0,142.0,129.0,126.0,108.0,102.0,92.0,88.0,86.0,69.0,163.0
1004,2018-06-17T06:20:00,155.0,4.025000035762787,62.26495726495727,0.0,0.0416666666666666,0.0,0.0,156.0,142.0,129.0,126.0,108.0,102.0,92.0,88.0,86.0,166.0
1005,2018-06-17T06:25:00,163.0,4.025000035762787,62.560344827586206,0.0,0.0416666666666666,0.0,0.0,155.0,156.0,142.0,129.0,126.0,108.0,102.0,92.0,88.0,164.0
1006,2018-06-17T06:30:00,163.0,4.025000035762787,60.96610169491525,0.0,0.0416666666666666,0.0,0.0,163.0,155.0,156.0,142.0,129.0,126.0,108.0,102.0,92.0,146.0
1007,2018-06-17T06:35:00,166.0,4.025000035762787,63.44444444444444,0.0,0.0416666666666666,0.0,0.0,163.0,163.0,155.0,156.0,142.0,129.0,126.0,108.0,102.0,166.0
1008,2018-06-17T06:40:00,164.0,4.025000035762787,61.30833333333333,0.0,0.0416666666666666,0.0,0.0,166.0,163.0,163.0,155.0,156.0,142.0,129.0,126.0,108.0,164.0
1009,2018-06-17T06:45:00,146.0,4.025000035762787,60.99236641221374,0.0,0.0416666666666666,0.0,0.0,164.0,166.0,163.0,163.0,155.0,156.0,142.0,129.0,126.0,137.0
1010,2018-06-17T06:50:00,166.0,4.025000035762787,57.83760683760684,0.0,0.0416666666666666,0.0,0.0,146.0,164.0,166.0,163.0,163.0,155.0,156.0,142.0,129.0,159.0
1011,2018-06-17T06:55:00,164.0,4.025000035762787,59.33870967741935,0.0,0.0416666666666666,0.0,0.0,166.0,146.0,164.0,166.0,163.0,163.0,155.0,156.0,142.0,158.0
1012,2018-06-17T07:00:00,137.0,4.105500042438507,60.72649572649573,0.0,0.0416666666666666,0.0,0.0,164.0,166.0,146.0,164.0,166.0,163.0,163.0,155.0,156.0,141.0
1013,2018-06-17T07:05:00,159.0,4.025000035762787,61.53508771929825,0.0,0.0416666666666666,0.0,0.0,137.0,164.0,166.0,146.0,164.0,166.0,163.0,163.0,155.0,159.0
1014,2018-06-17T07:10:00,158.0,4.105500042438507,63.69672131147541,0.0,0.0416666666666666,0.2,0.0,159.0,137.0,164.0,166.0,146.0,164.0,166.0,163.0,163.0,157.0
1015,2018-06-17T07:15:00,141.0,4.025000035762787,61.98360655737705,0.0,0.0416666666666666,0.0,0.0,158.0,159.0,137.0,164.0,166.0,146.0,164.0,166.0,163.0,145.0
1016,2018-06-17T07:20:00,159.0,4.025000035762787,61.6328125,0.0,0.0416666666666666,0.0,0.0,141.0,158.0,159.0,137.0,164.0,166.0,146.0,164.0,166.0,158.0
1017,2018-06-17T07:25:00,157.0,4.025000035762787,60.14049586776859,0.0,0.0416666666666666,0.0,0.0,159.0,141.0,158.0,159.0,137.0,164.0,166.0,146.0,164.0,157.0
1018,2018-06-17T07:30:00,145.0,4.025000035762787,62.51260504201681,0.0,0.0416666666666666,0.0,0.0,157.0,159.0,141.0,158.0,159.0,137.0,164.0,166.0,146.0,147.0
1019,2018-06-17T07:35:00,158.0,4.025000035762787,62.06896551724138,0.0,0.0416666666666666,0.0,0.0,145.0,157.0,159.0,141.0,158.0,159.0,137.0,164.0,166.0,159.0
1020,2018-06-17T07:40:00,157.0,4.025000035762787,62.36,0.0,0.0416666666666666,0.0,0.0,158.0,145.0,157.0,159.0,141.0,158.0,159.0,137.0,164.0,159.0
1021,2018-06-17T07:45:00,147.0,4.025000035762787,61.47008547008547,0.0,0.0416666666666666,0.0,0.0,157.0,158.0,145.0,157.0,159.0,141.0,158.0,159.0,137.0,136.0
1022,2018-06-17T07:50:00,159.0,4.025000035762787,63.13821138211382,0.0,0.0416666666666666,0.0,0.0,147.0,157.0,158.0,145.0,157.0,159.0,141.0,158.0,159.0,158.0
1023,2018-06-17T07:55:00,159.0,4.025000035762787,65.74045801526718,0.0,0.0416666666666666,0.0,0.0,159.0,147.0,157.0,158.0,145.0,157.0,159.0,141.0,158.0,159.0
1024,2018-06-17T08:00:00,136.0,4.025000035762787,64.08264462809917,0.0,0.0416666666666666,0.0,0.0,159.0,159.0,147.0,157.0,158.0,145.0,157.0,159.0,141.0,124.0
1025,2018-06-17T08:05:00,158.0,4.025000035762787,63.77310924369748,0.0,0.0416666666666666,0.0,0.0,136.0,159.0,159.0,147.0,157.0,158.0,145.0,157.0,159.0,158.0
1026,2018-06-17T08:10:00,159.0,4.025000035762787,61.52991452991453,0.0,0.0416666666666666,0.0,0.0,158.0,136.0,159.0,159.0,147.0,157.0,158.0,145.0,157.0,157.0
1027,2018-06-17T08:15:00,124.0,4.025000035762787,62.32142857142857,0.0,0.0416666666666666,0.0,0.0,159.0,158.0,136.0,159.0,159.0,147.0,157.0,158.0,145.0,132.0
1028,2018-06-17T08:20:00,158.0,4.025000035762787,63.84403669724771,0.0,0.0416666666666666,0.0,0.0,124.0,159.0,158.0,136.0,159.0,159.0,147.0,157.0,158.0,154.0
1029,2018-06-17T08:25:00,157.0,4.025000035762787,62.9537037037037,0.0,0.0416666666666666,0.0,0.0,158.0,124.0,159.0,158.0,136.0,159.0,159.0,147.0,157.0,152.0
1030,2018-06-17T08:30:00,132.0,4.025000035762787,63.07079646017699,0.0,0.0416666666666666,0.0,0.0,157.0,158.0,124.0,159.0,158.0,136.0,159.0,159.0,147.0,136.0
1031,2018-06-17T08:35:00,154.0,4.105500042438507,66.632,0.0,0.0416666666666666,0.0,0.0,132.0,157.0,158.0,124.0,159.0,158.0,136.0,159.0,159.0,144.0
1032,2018-06-17T08:40:00,152.0,4.025000035762787,63.76229508196721,0.0,0.0416666666666666,0.0,0.0,154.0,132.0,157.0,158.0,124.0,159.0,158.0,136.0,159.0,142.0
1033,2018-06-17T08:45:00,136.0,4.025000035762787,61.3015873015873,0.0,0.0416666666666666,0.0,0.0,152.0,154.0,132.0,157.0,158.0,124.0,159.0,158.0,136.0,130.0
1034,2018-06-17T08:50:00,144.0,4.025000035762787,61.3968253968254,0.0,0.0416666666666666,0.0,0.0,136.0,152.0,154.0,132.0,157.0,158.0,124.0,159.0,158.0,141.0
1035,2018-06-17T08:55:00,142.0,4.025000035762787,63.00806451612903,0.0,0.0416666666666666,0.0,0.0,144.0,136.0,152.0,154.0,132.0,157.0,158.0,124.0,159.0,140.0
1036,2018-06-17T09:00:00,130.0,4.025000035762787,64.47933884297521,0.0,0.0375,0.0,0.0,142.0,144.0,136.0,152.0,154.0,132.0,157.0,158.0,124.0,136.0
1037,2018-06-17T09:05:00,141.0,4.025000035762787,65.06666666666666,0.0,0.0375,0.0,0.0,130.0,142.0,144.0,136.0,152.0,154.0,132.0,157.0,158.0,141.0
1038,2018-06-17T09:10:00,140.0,4.025000035762787,64.8130081300813,0.0,0.0375,0.0,0.0,141.0,130.0,142.0,144.0,136.0,152.0,154.0,132.0,157.0,140.0
1039,2018-06-17T09:15:00,136.0,4.025000035762787,65.80645161290323,0.0,0.0375,0.0,0.0,140.0,141.0,130.0,142.0,144.0,136.0,152.0,154.0,132.0,126.0
1040,2018-06-17T09:20:00,141.0,4.025000035762787,66.088,0.0,0.0375,0.0,0.0,136.0,140.0,141.0,130.0,142.0,144.0,136.0,152.0,154.0,136.0
1041,2018-06-17T09:25:00,140.0,4.025000035762787,66.232,0.0,0.0375,0.0,0.0,141.0,136.0,140.0,141.0,130.0,142.0,144.0,136.0,152.0,137.0
1042,2018-06-17T09:30:00,126.0,4.105500042438507,69.15322580645162,0.0,0.0375,0.0,0.0,140.0,141.0,136.0,140.0,141.0,130.0,142.0,144.0,136.0,132.0
1043,2018-06-17T09:35:00,136.0,4.025000035762787,64.94067796610169,0.0,0.0375,0.0,0.0,126.0,140.0,141.0,136.0,140.0,141.0,130.0,142.0,144.0,136.0
1044,2018-06-17T09:40:00,137.0,4.025000035762787,63.025,0.0,0.0375,0.0,0.0,136.0,126.0,140.0,141.0,136.0,140.0,141.0,130.0,142.0,136.0
1045,2018-06-17T09:45:00,132.0,4.025000035762787,60.98347107438016,0.0,0.0375,0.0,0.0,137.0,136.0,126.0,140.0,141.0,136.0,140.0,141.0,130.0,129.0
1046,2018-06-17T09:50:00,136.0,4.025000035762787,60.33858267716536,0.0,0.0375,0.0,0.0,132.0,137.0,136.0,126.0,140.0,141.0,136.0,140.0,141.0,135.0
1047,2018-06-17T09:55:00,136.0,4.025000035762787,69.70796460176992,0.0,0.0375,0.0,0.0,136.0,132.0,137.0,136.0,126.0,140.0,141.0,136.0,140.0,134.0
1048,2018-06-17T10:00:00,129.0,4.025000035762787,70.6640625,0.0,0.0375,0.0,0.0,136.0,136.0,132.0,137.0,136.0,126.0,140.0,141.0,136.0,128.0
1049,2018-06-17T10:05:00,135.0,4.025000035762787,61.516666666666666,0.0,0.0375,0.0,0.0,129.0,136.0,136.0,132.0,137.0,136.0,126.0,140.0,141.0,134.0
1050,2018-06-17T10:10:00,134.0,4.025000035762787,60.55462184873949,0.0,0.0375,0.0,0.0,135.0,129.0,136.0,136.0,132.0,137.0,136.0,126.0,140.0,134.0
1051,2018-06-17T10:15:00,128.0,4.025000035762787,62.83870967741935,0.0,0.0375,0.0,0.0,134.0,135.0,129.0,136.0,136.0,132.0,137.0,136.0,126.0,117.0
1052,2018-06-17T10:20:00,134.0,4.025000035762787,62.11864406779661,0.0,0.0375,0.0,0.0,128.0,134.0,135.0,129.0,136.0,136.0,132.0,137.0,136.0,136.0
1053,2018-06-17T10:25:00,134.0,4.025000035762787,62.1764705882353,0.0,0.0375,0.0,0.0,134.0,128.0,134.0,135.0,129.0,136.0,136.0,132.0,137.0,136.0
1054,2018-06-17T10:30:00,117.0,4.025000035762787,63.81666666666667,0.0,0.0375,0.0,0.0,134.0,134.0,128.0,134.0,135.0,129.0,136.0,136.0,132.0,141.0
1055,2018-06-17T10:35:00,136.0,4.025000035762787,63.82758620689656,0.0,0.0375,0.0,0.0,117.0,134.0,134.0,128.0,134.0,135.0,129.0,136.0,136.0,142.0
1056,2018-06-17T10:40:00,136.0,4.186000049114227,68.71428571428571,0.0,0.0375,0.0,0.0,136.0,117.0,134.0,134.0,128.0,134.0,135.0,129.0,136.0,143.0
1057,2018-06-17T10:45:00,141.0,5.071500062942505,64.64285714285714,10.0,0.0375,0.0,0.0,136.0,136.0,117.0,134.0,134.0,128.0,134.0,135.0,129.0,139.0
1058,2018-06-17T10:50:00,142.0,5.3130000829696655,81.91071428571429,10.0,0.0375,0.0,0.0,141.0,136.0,136.0,117.0,134.0,134.0,128.0,134.0,135.0,129.0
1059,2018-06-17T10:55:00,143.0,4.427500069141388,73.01785714285714,0.0,0.0375,2.5,2.5,142.0,141.0,136.0,136.0,117.0,134.0,134.0,128.0,134.0,132.0
1060,2018-06-17T11:00:00,139.0,5.393500089645386,79.55855855855856,6.0,0.0375,0.0,0.0,143.0,142.0,141.0,136.0,136.0,117.0,134.0,134.0,128.0,166.0
1061,2018-06-17T11:05:00,129.0,4.427500069141388,85.40833333333333,0.0,0.0375,0.0,0.0,139.0,143.0,142.0,141.0,136.0,136.0,117.0,134.0,134.0,141.0
1062,2018-06-17T11:10:00,132.0,4.186000049114227,72.79439252336448,0.0,0.0375,0.0,0.0,129.0,139.0,143.0,142.0,141.0,136.0,136.0,117.0,134.0,148.0
1063,2018-06-17T11:15:00,166.0,4.186000049114227,73.79824561403508,0.0,0.0375,0.0,0.0,132.0,129.0,139.0,143.0,142.0,141.0,136.0,136.0,117.0,222.0
1064,2018-06-17T11:20:00,141.0,5.232500076293945,75.38135593220339,9.0,0.0375,0.0,0.0,166.0,132.0,129.0,139.0,143.0,142.0,141.0,136.0,136.0,172.0
1065,2018-06-17T11:25:00,148.0,4.427500069141388,84.78813559322033,0.0,0.0375,0.0,0.0,141.0,166.0,132.0,129.0,139.0,143.0,142.0,141.0,136.0,183.0
1066,2018-06-17T11:30:00,222.0,8.854999840259552,86.97413793103448,52.0,0.0375,0.0,0.0,148.0,141.0,166.0,132.0,129.0,139.0,143.0,142.0,141.0,267.0
1067,2018-06-17T11:35:00,172.0,9.176999807357788,88.5575221238938,10.0,0.0375,0.0,0.0,222.0,148.0,141.0,166.0,132.0,129.0,139.0,143.0,142.0,202.0
1068,2018-06-17T11:40:00,183.0,9.5794997215271,86.36036036036036,37.0,0.0375,0.0,0.0,172.0,222.0,148.0,141.0,166.0,132.0,129.0,139.0,143.0,210.0
1069,2018-06-17T11:45:00,267.0,9.01599979400635,86.41666666666667,58.0,0.0375,0.0,0.0,183.0,172.0,222.0,148.0,141.0,166.0,132.0,129.0,139.0,292.0
1070,2018-06-17T11:50:00,202.0,12.87999987602234,89.96551724137932,118.0,0.0375,0.0,0.0,267.0,183.0,172.0,222.0,148.0,141.0,166.0,132.0,129.0,219.0
1071,2018-06-17T11:55:00,210.0,7.808499813079835,93.46491228070175,32.0,0.0375,0.0,0.0,202.0,267.0,183.0,172.0,222.0,148.0,141.0,166.0,132.0,225.0
1072,2018-06-17T12:00:00,292.0,10.706499814987184,94.64462809917356,69.0,0.0375,0.0,0.0,210.0,202.0,267.0,183.0,172.0,222.0,148.0,141.0,166.0,298.0
1073,2018-06-17T12:05:00,219.0,9.337999820709232,90.35714285714286,41.0,0.0375,0.0,0.0,292.0,210.0,202.0,267.0,183.0,172.0,222.0,148.0,141.0,237.0
1074,2018-06-17T12:10:00,225.0,5.232499837875366,95.4144144144144,0.0,0.0375,0.0,0.0,219.0,292.0,210.0,202.0,267.0,183.0,172.0,222.0,148.0,236.0
1075,2018-06-17T12:15:00,298.0,7.244999885559082,96.62616822429906,40.0,0.0375,0.0,0.0,225.0,219.0,292.0,210.0,202.0,267.0,183.0,172.0,222.0,293.0
1076,2018-06-17T12:20:00,237.0,8.130499839782717,93.26666666666668,28.0,0.0375,0.0,0.0,298.0,225.0,219.0,292.0,210.0,202.0,267.0,183.0,172.0,233.0
1077,2018-06-17T12:25:00,236.0,7.083999872207642,89.48245614035088,47.0,0.0375,0.0,0.0,237.0,298.0,225.0,219.0,292.0,210.0,202.0,267.0,183.0,238.0
1078,2018-06-17T12:30:00,293.0,10.706499874591827,87.62608695652175,59.0,0.0375,0.0,0.0,236.0,237.0,298.0,225.0,219.0,292.0,210.0,202.0,267.0,293.0
1079,2018-06-17T12:35:00,233.0,4.588500022888184,82.64347826086957,0.0,0.0375,0.0,0.0,293.0,236.0,237.0,298.0,225.0,219.0,292.0,210.0,202.0,244.0
1080,2018-06-17T12:40:00,238.0,9.98199987411499,91.31292517006804,42.0,0.0375,0.0,0.0,233.0,293.0,236.0,237.0,298.0,225.0,219.0,292.0,210.0,240.0
1081,2018-06-17T12:45:00,293.0,12.87999987602234,86.0,58.0,0.0375,0.0,0.0,238.0,233.0,293.0,236.0,237.0,298.0,225.0,219.0,292.0,283.0
1082,2018-06-17T12:50:00,244.0,13.36299991607666,95.94782608695652,125.0,0.0375,0.0,0.0,293.0,238.0,233.0,293.0,236.0,237.0,298.0,225.0,219.0,228.0
1083,2018-06-17T12:55:00,240.0,7.244999885559082,97.62992125984252,8.0,0.0375,0.0,0.0,244.0,293.0,238.0,233.0,293.0,236.0,237.0,298.0,225.0,222.0
1084,2018-06-17T13:00:00,283.0,9.74049973487854,89.98425196850394,34.0,0.0375,0.0,0.0,240.0,244.0,293.0,238.0,233.0,293.0,236.0,237.0,298.0,259.0
1085,2018-06-17T13:05:00,228.0,12.235999822616575,95.24166666666666,39.0,0.0375,0.0,0.0,283.0,240.0,244.0,293.0,238.0,233.0,293.0,236.0,237.0,211.0
1086,2018-06-17T13:10:00,222.0,15.858500242233276,104.99193548387096,150.0,0.0375,0.0,0.0,228.0,283.0,240.0,244.0,293.0,238.0,233.0,293.0,236.0,208.0
1087,2018-06-17T13:15:00,259.0,10.625999927520752,97.79032258064515,49.0,0.0375,0.0,0.0,222.0,228.0,283.0,240.0,244.0,293.0,238.0,233.0,293.0,239.0
1088,2018-06-17T13:20:00,211.0,7.808499991893768,78.85123966942149,64.0,0.0375,0.0,0.0,259.0,222.0,228.0,283.0,240.0,244.0,293.0,238.0,233.0,201.0
1089,2018-06-17T13:25:00,208.0,12.960500001907349,95.82352941176472,87.0,0.0375,0.0,0.0,211.0,259.0,222.0,228.0,283.0,240.0,244.0,293.0,238.0,195.0
1090,2018-06-17T13:30:00,239.0,14.409500122070312,103.58620689655172,144.0,0.0375,0.0,0.0,208.0,211.0,259.0,222.0,228.0,283.0,240.0,244.0,293.0,216.0
1091,2018-06-17T13:35:00,201.0,5.232499837875366,98.29861111111111,0.0,0.0375,0.0,0.0,239.0,208.0,211.0,259.0,222.0,228.0,283.0,240.0,244.0,175.0
1092,2018-06-17T13:40:00,195.0,4.910499930381775,87.94690265486726,0.0,0.0375,0.0,0.0,201.0,239.0,208.0,211.0,259.0,222.0,228.0,283.0,240.0,170.0
1093,2018-06-17T13:45:00,216.0,7.244999885559082,100.32786885245902,15.0,0.0375,0.0,0.0,195.0,201.0,239.0,208.0,211.0,259.0,222.0,228.0,283.0,187.0
1094,2018-06-17T13:50:00,175.0,10.464999914169312,101.224,34.0,0.0375,0.0,0.0,216.0,195.0,201.0,239.0,208.0,211.0,259.0,222.0,228.0,157.0
1095,2018-06-17T13:55:00,170.0,14.570500135421751,105.55172413793105,133.0,0.0375,0.0,0.0,175.0,216.0,195.0,201.0,239.0,208.0,211.0,259.0,222.0,152.0
1096,2018-06-17T14:00:00,187.0,19.15900039672852,109.5945945945946,261.0,0.0375,0.0,0.0,170.0,175.0,216.0,195.0,201.0,239.0,208.0,211.0,259.0,163.0
1097,2018-06-17T14:05:00,157.0,15.295000076293944,104.84920634920636,74.0,0.0375,0.0,0.0,187.0,170.0,175.0,216.0,195.0,201.0,239.0,208.0,211.0,141.0
1098,2018-06-17T14:10:00,152.0,14.006999969482422,95.81889763779527,77.0,0.0375,0.0,0.0,157.0,187.0,170.0,175.0,216.0,195.0,201.0,239.0,208.0,137.0
1099,2018-06-17T14:15:00,163.0,8.613499879837036,96.99290780141844,35.0,0.0375,0.0,0.0,152.0,157.0,187.0,170.0,175.0,216.0,195.0,201.0,239.0,160.0
1100,2018-06-17T14:20:00,141.0,8.452499866485596,93.90163934426228,40.0,0.0375,0.0,0.0,163.0,152.0,157.0,187.0,170.0,175.0,216.0,195.0,201.0,126.0
1101,2018-06-17T14:25:00,137.0,7.808499813079835,92.77966101694916,9.0,0.0375,0.0,0.0,141.0,163.0,152.0,157.0,187.0,170.0,175.0,216.0,195.0,122.0
1102,2018-06-17T14:30:00,160.0,10.06249976158142,88.70796460176992,81.0,0.0375,0.0,0.0,137.0,141.0,163.0,152.0,157.0,187.0,170.0,175.0,216.0,115.0
1103,2018-06-17T14:35:00,126.0,7.486499786376953,92.26515151515152,0.0,0.0375,0.0,0.0,160.0,137.0,141.0,163.0,152.0,157.0,187.0,170.0,175.0,111.0
1104,2018-06-17T14:40:00,122.0,9.82099986076355,88.93333333333334,53.0,0.0375,0.0,0.0,126.0,160.0,137.0,141.0,163.0,152.0,157.0,187.0,170.0,106.0
1105,2018-06-17T14:45:00,115.0,9.98199987411499,91.2047244094488,103.0,0.0375,0.0,0.0,122.0,126.0,160.0,137.0,141.0,163.0,152.0,157.0,187.0,115.0
1106,2018-06-17T14:50:00,111.0,10.706499814987184,94.35251798561151,26.0,0.0375,0.0,0.0,115.0,122.0,126.0,160.0,137.0,141.0,163.0,152.0,157.0,109.0
1107,2018-06-17T14:55:00,106.0,7.325499773025513,88.47540983606558,12.0,0.0375,0.0,0.0,111.0,115.0,122.0,126.0,160.0,137.0,141.0,163.0,152.0,109.0
1108,2018-06-17T15:00:00,115.0,4.588499963283539,84.48148148148148,0.0,0.0375,5.0,4.0,106.0,111.0,115.0,122.0,126.0,160.0,137.0,141.0,163.0,172.0
1109,2018-06-17T15:05:00,109.0,4.186000049114227,81.32173913043478,0.0,0.0375,0.0,0.0,115.0,106.0,111.0,115.0,122.0,126.0,160.0,137.0,141.0,130.0
1110,2018-06-17T15:10:00,109.0,4.427500009536743,82.53846153846153,0.0,0.0375,0.0,0.0,109.0,115.0,106.0,111.0,115.0,122.0,126.0,160.0,137.0,149.0
1111,2018-06-17T15:15:00,172.0,5.634999930858612,82.99029126213593,9.0,0.0375,0.0,0.0,109.0,109.0,115.0,106.0,111.0,115.0,122.0,126.0,160.0,193.0
1112,2018-06-17T15:20:00,130.0,5.554499983787537,82.109375,0.0,0.0375,0.0,0.0,172.0,109.0,109.0,115.0,106.0,111.0,115.0,122.0,126.0,183.0
1113,2018-06-17T15:25:00,149.0,5.071499884128571,84.66666666666667,0.0,0.0375,0.0,0.0,130.0,172.0,109.0,109.0,115.0,106.0,111.0,115.0,122.0,174.0
1114,2018-06-17T15:30:00,193.0,8.049999952316284,87.42105263157895,47.0,0.0375,0.0,0.0,149.0,130.0,172.0,109.0,109.0,115.0,106.0,111.0,115.0,167.0
1115,2018-06-17T15:35:00,183.0,7.325499951839445,89.35964912280701,38.0,0.0375,0.0,0.0,193.0,149.0,130.0,172.0,109.0,109.0,115.0,106.0,111.0,151.0
1116,2018-06-17T15:40:00,174.0,8.693999767303467,87.75700934579439,36.0,0.0375,0.0,0.0,183.0,193.0,149.0,130.0,172.0,109.0,109.0,115.0,106.0,137.0
1117,2018-06-17T15:45:00,167.0,9.498999834060667,92.02542372881356,59.0,0.0375,0.0,0.0,174.0,183.0,193.0,149.0,130.0,172.0,109.0,109.0,115.0,115.0
1118,2018-06-17T15:50:00,151.0,9.579500079154968,100.69117647058825,44.0,0.0375,0.0,0.0,167.0,174.0,183.0,193.0,149.0,130.0,172.0,109.0,109.0,121.0
1119,2018-06-17T15:55:00,137.0,12.477500200271605,106.54471544715447,35.0,0.0375,0.0,0.0,151.0,167.0,174.0,183.0,193.0,149.0,130.0,172.0,109.0,122.0
1120,2018-06-17T16:00:00,115.0,12.477499961853027,102.1900826446281,94.0,0.0375,0.0,0.0,137.0,151.0,167.0,174.0,183.0,193.0,149.0,130.0,172.0,152.0
1121,2018-06-17T16:05:00,121.0,5.151999890804291,95.04477611940298,0.0,0.0375,0.0,0.0,115.0,137.0,151.0,167.0,174.0,183.0,193.0,149.0,130.0,133.0
1122,2018-06-17T16:10:00,122.0,5.232499837875366,93.536,0.0,0.0375,0.0,0.0,121.0,115.0,137.0,151.0,167.0,174.0,183.0,193.0,149.0,139.0
1123,2018-06-17T16:15:00,152.0,5.071499943733215,92.84677419354838,0.0,0.0375,0.0,0.0,122.0,121.0,115.0,137.0,151.0,167.0,174.0,183.0,193.0,160.0
1124,2018-06-17T16:20:00,133.0,5.071499943733215,92.375,0.0,0.0375,0.0,0.0,152.0,122.0,121.0,115.0,137.0,151.0,167.0,174.0,183.0,149.0
1125,2018-06-17T16:25:00,139.0,4.8299999833107,90.13793103448276,0.0,0.0375,0.0,0.0,133.0,152.0,122.0,121.0,115.0,137.0,151.0,167.0,174.0,148.0
1126,2018-06-17T16:30:00,160.0,4.99099999666214,90.929203539823,0.0,0.0375,0.0,0.0,139.0,133.0,152.0,122.0,121.0,115.0,137.0,151.0,167.0,135.0
1127,2018-06-17T16:35:00,149.0,4.99099999666214,90.5132743362832,0.0,0.0375,0.0,0.0,160.0,139.0,133.0,152.0,122.0,121.0,115.0,137.0,151.0,144.0
1128,2018-06-17T16:40:00,148.0,4.669000089168549,91.784,0.0,0.0375,0.0,0.0,149.0,160.0,139.0,133.0,152.0,122.0,121.0,115.0,137.0,139.0
1129,2018-06-17T16:45:00,135.0,4.668999969959259,92.94166666666666,0.0,0.0375,0.0,0.0,148.0,149.0,160.0,139.0,133.0,152.0,122.0,121.0,115.0,123.0
1130,2018-06-17T16:50:00,144.0,4.9105000495910645,90.76470588235294,0.0,0.0375,0.0,0.0,135.0,148.0,149.0,160.0,139.0,133.0,152.0,122.0,121.0,131.0
1131,2018-06-17T16:55:00,139.0,4.830000102519989,89.88695652173914,0.0,0.0375,0.0,0.0,144.0,135.0,148.0,149.0,160.0,139.0,133.0,152.0,122.0,130.0
1132,2018-06-17T17:00:00,123.0,4.669000089168549,88.07627118644068,0.0,0.0916666666666666,0.0,0.0,139.0,144.0,135.0,148.0,149.0,160.0,139.0,133.0,152.0,127.0
1133,2018-06-17T17:05:00,131.0,4.9105000495910645,85.71929824561404,0.0,0.0916666666666666,0.0,0.0,123.0,139.0,144.0,135.0,148.0,149.0,160.0,139.0,133.0,136.0
1134,2018-06-17T17:10:00,130.0,4.347000062465668,83.71666666666667,0.0,0.0916666666666666,0.0,0.0,131.0,123.0,139.0,144.0,135.0,148.0,149.0,160.0,139.0,135.0
1135,2018-06-17T17:15:00,127.0,4.830000102519989,87.64864864864865,0.0,0.0916666666666666,0.0,0.0,130.0,131.0,123.0,139.0,144.0,135.0,148.0,149.0,160.0,138.0
1136,2018-06-17T17:20:00,136.0,4.830000102519989,89.88235294117646,0.0,0.0916666666666666,0.0,0.0,127.0,130.0,131.0,123.0,139.0,144.0,135.0,148.0,149.0,142.0
1137,2018-06-17T17:25:00,135.0,4.669000089168549,86.28571428571429,0.0,0.0916666666666666,0.0,0.0,136.0,127.0,130.0,131.0,123.0,139.0,144.0,135.0,148.0,150.0
1138,2018-06-17T17:30:00,138.0,4.105500042438507,82.75833333333334,0.0,0.0916666666666666,0.0,0.0,135.0,136.0,127.0,130.0,131.0,123.0,139.0,144.0,135.0,173.0
1139,2018-06-17T17:35:00,142.0,4.025000035762787,83.1896551724138,0.0,0.0916666666666666,0.0,0.0,138.0,135.0,136.0,127.0,130.0,131.0,123.0,139.0,144.0,155.0
1140,2018-06-17T17:40:00,150.0,4.347000002861023,83.95762711864407,0.0,0.0916666666666666,0.0,0.0,142.0,138.0,135.0,136.0,127.0,130.0,131.0,123.0,139.0,151.0
1141,2018-06-17T17:45:00,173.0,7.808499813079835,89.34285714285714,8.0,0.0916666666666666,0.0,0.0,150.0,142.0,138.0,135.0,136.0,127.0,130.0,131.0,123.0,181.0
1142,2018-06-17T17:50:00,155.0,6.117999970912934,86.83783783783784,21.0,0.0916666666666666,0.0,0.0,173.0,150.0,142.0,138.0,135.0,136.0,127.0,130.0,131.0,153.0
1143,2018-06-17T17:55:00,151.0,7.969499826431276,91.29824561403508,11.0,0.0916666666666666,0.0,0.0,155.0,173.0,150.0,142.0,138.0,135.0,136.0,127.0,130.0,158.0
1144,2018-06-17T18:00:00,181.0,4.508000075817108,89.3781512605042,0.0,0.0916666666666666,0.0,0.0,151.0,155.0,173.0,150.0,142.0,138.0,135.0,136.0,127.0,195.0
1145,2018-06-17T18:05:00,153.0,4.8299999833107,85.91304347826087,0.0,0.0916666666666666,0.0,0.0,181.0,151.0,155.0,173.0,150.0,142.0,138.0,135.0,136.0,176.0
1146,2018-06-17T18:10:00,158.0,4.186000049114227,83.38842975206612,0.0,0.0916666666666666,0.0,0.0,153.0,181.0,151.0,155.0,173.0,150.0,142.0,138.0,135.0,183.0
1147,2018-06-17T18:15:00,195.0,4.186000049114227,82.10236220472441,0.0,0.0916666666666666,0.0,0.0,158.0,153.0,181.0,151.0,155.0,173.0,150.0,142.0,138.0,205.0
1148,2018-06-17T18:20:00,176.0,4.105500042438507,79.85123966942149,0.0,0.0916666666666666,0.0,0.0,195.0,158.0,153.0,181.0,151.0,155.0,173.0,150.0,142.0,193.0
1149,2018-06-17T18:25:00,183.0,4.105500042438507,76.6829268292683,0.0,0.0916666666666666,0.0,0.0,176.0,195.0,158.0,153.0,181.0,151.0,155.0,173.0,150.0,195.0
1150,2018-06-17T18:30:00,205.0,4.025000035762787,76.456,0.0,0.0916666666666666,0.0,0.0,183.0,176.0,195.0,158.0,153.0,181.0,151.0,155.0,173.0,214.0
1151,2018-06-17T18:35:00,193.0,4.025000035762787,78.11111111111111,0.0,0.0916666666666666,0.0,0.0,205.0,183.0,176.0,195.0,158.0,153.0,181.0,151.0,155.0,198.0
1152,2018-06-17T18:40:00,195.0,4.025000035762787,77.96581196581197,0.0,0.0916666666666666,0.0,0.0,193.0,205.0,183.0,176.0,195.0,158.0,153.0,181.0,151.0,198.0
1153,2018-06-17T18:45:00,214.0,4.025000035762787,77.79464285714286,0.0,0.0916666666666666,0.0,0.0,195.0,193.0,205.0,183.0,176.0,195.0,158.0,153.0,181.0,216.0
1154,2018-06-17T18:50:00,198.0,4.105500042438507,78.97457627118644,0.0,0.0916666666666666,0.0,0.0,214.0,195.0,193.0,205.0,183.0,176.0,195.0,158.0,153.0,202.0
1155,2018-06-17T18:55:00,198.0,4.025000035762787,77.00740740740741,0.0,0.0916666666666666,0.0,0.0,198.0,214.0,195.0,193.0,205.0,183.0,176.0,195.0,158.0,203.0
1156,2018-06-17T19:00:00,216.0,4.025000035762787,78.84482758620689,0.0,0.075,0.0,0.0,198.0,198.0,214.0,195.0,193.0,205.0,183.0,176.0,195.0,206.0
1157,2018-06-17T19:05:00,202.0,4.025000035762787,77.21111111111111,0.0,0.075,0.0,0.0,216.0,198.0,198.0,214.0,195.0,193.0,205.0,183.0,176.0,206.0
1158,2018-06-17T19:10:00,203.0,4.025000035762787,75.95575221238938,0.0,0.075,0.0,0.0,202.0,216.0,198.0,198.0,214.0,195.0,193.0,205.0,183.0,203.0
1159,2018-06-17T19:15:00,206.0,4.025000035762787,72.7094017094017,0.0,0.075,0.0,0.0,203.0,202.0,216.0,198.0,198.0,214.0,195.0,193.0,205.0,201.0
1160,2018-06-17T19:20:00,206.0,4.105500042438507,73.8,0.0,0.075,0.0,0.0,206.0,203.0,202.0,216.0,198.0,198.0,214.0,195.0,193.0,200.0
1161,2018-06-17T19:25:00,203.0,4.025000035762787,73.80341880341881,0.0,0.075,0.0,0.0,206.0,206.0,203.0,202.0,216.0,198.0,198.0,214.0,195.0,199.0
1162,2018-06-17T19:30:00,201.0,4.025000035762787,71.71428571428571,0.0,0.075,0.0,0.0,203.0,206.0,206.0,203.0,202.0,216.0,198.0,198.0,214.0,195.0
1163,2018-06-17T19:35:00,200.0,4.025000035762787,74.51327433628319,0.0,0.075,0.0,0.0,201.0,203.0,206.0,206.0,203.0,202.0,216.0,198.0,198.0,197.0
1164,2018-06-17T19:40:00,199.0,4.025000035762787,70.5391304347826,0.0,0.075,0.0,0.0,200.0,201.0,203.0,206.0,206.0,203.0,202.0,216.0,198.0,192.0
1165,2018-06-17T19:45:00,195.0,4.105500042438507,73.77777777777777,0.0,0.075,0.0,0.0,199.0,200.0,201.0,203.0,206.0,206.0,203.0,202.0,216.0,184.0
1166,2018-06-17T19:50:00,197.0,4.025000035762787,70.8018018018018,0.0,0.075,0.0,0.0,195.0,199.0,200.0,201.0,203.0,206.0,206.0,203.0,202.0,186.0
1167,2018-06-17T19:55:00,192.0,4.025000035762787,70.20325203252033,0.0,0.075,0.0,0.0,197.0,195.0,199.0,200.0,201.0,203.0,206.0,206.0,203.0,183.0
1168,2018-06-17T20:00:00,184.0,4.025000035762787,69.48571428571428,0.0,0.075,0.0,0.0,192.0,197.0,195.0,199.0,200.0,201.0,203.0,206.0,206.0,162.0
1169,2018-06-17T20:05:00,186.0,4.025000035762787,72.82051282051282,0.0,0.075,0.0,0.0,184.0,192.0,197.0,195.0,199.0,200.0,201.0,203.0,206.0,177.0
1170,2018-06-17T20:10:00,183.0,4.025000035762787,72.06603773584905,0.0,0.075,0.0,0.0,186.0,184.0,192.0,197.0,195.0,199.0,200.0,201.0,203.0,174.0
1171,2018-06-17T20:15:00,162.0,4.025000035762787,73.90990990990991,0.0,0.075,0.0,0.0,183.0,186.0,184.0,192.0,197.0,195.0,199.0,200.0,201.0,156.0
1172,2018-06-17T20:20:00,177.0,4.025000035762787,74.74545454545455,0.0,0.075,0.0,0.0,162.0,183.0,186.0,184.0,192.0,197.0,195.0,199.0,200.0,167.0
1173,2018-06-17T20:25:00,174.0,4.105500042438507,70.89285714285714,0.0,0.075,0.0,0.0,177.0,162.0,183.0,186.0,184.0,192.0,197.0,195.0,199.0,164.0
1174,2018-06-17T20:30:00,156.0,4.025000035762787,72.47169811320755,0.0,0.075,0.0,0.0,174.0,177.0,162.0,183.0,186.0,184.0,192.0,197.0,195.0,149.0
1175,2018-06-17T20:35:00,167.0,4.025000035762787,73.16129032258064,0.0,0.075,0.0,0.0,156.0,174.0,177.0,162.0,183.0,186.0,184.0,192.0,197.0,158.0
1176,2018-06-17T20:40:00,164.0,4.025000035762787,71.112,0.0,0.075,0.0,0.0,167.0,156.0,174.0,177.0,162.0,183.0,186.0,184.0,192.0,156.0
1177,2018-06-17T20:45:00,149.0,4.105500042438507,70.02803738317758,0.0,0.075,0.0,0.0,164.0,167.0,156.0,174.0,177.0,162.0,183.0,186.0,184.0,141.0
1178,2018-06-17T20:50:00,158.0,4.105500042438507,72.85964912280701,0.0,0.075,0.0,0.0,149.0,164.0,167.0,156.0,174.0,177.0,162.0,183.0,186.0,151.0
1179,2018-06-17T20:55:00,156.0,4.025000035762787,75.86725663716814,0.0,0.075,0.0,0.0,158.0,149.0,164.0,167.0,156.0,174.0,177.0,162.0,183.0,145.0
1180,2018-06-17T21:00:00,141.0,4.105500042438507,73.52136752136752,0.0,0.0583333333333333,0.0,0.0,156.0,158.0,149.0,164.0,167.0,156.0,174.0,177.0,162.0,138.0
1181,2018-06-17T21:05:00,151.0,5.7959999442100525,78.83620689655173,19.0,0.0583333333333333,2.7,3.0,141.0,156.0,158.0,149.0,164.0,167.0,156.0,174.0,177.0,133.0
1182,2018-06-17T21:10:00,145.0,6.27899980545044,85.68932038834951,12.0,0.0583333333333333,0.0,0.0,151.0,141.0,156.0,158.0,149.0,164.0,167.0,156.0,174.0,132.0
1183,2018-06-17T21:15:00,138.0,4.8299999833107,86.00854700854701,0.0,0.0583333333333333,0.0,0.0,145.0,151.0,141.0,156.0,158.0,149.0,164.0,167.0,156.0,163.0
1184,2018-06-17T21:20:00,133.0,4.186000049114227,82.24137931034483,0.0,0.0583333333333333,0.0,0.0,138.0,145.0,151.0,141.0,156.0,158.0,149.0,164.0,167.0,138.0
1185,2018-06-17T21:25:00,132.0,4.186000049114227,80.14782608695653,0.0,0.0583333333333333,0.0,0.0,133.0,138.0,145.0,151.0,141.0,156.0,158.0,149.0,164.0,145.0
1186,2018-06-17T21:30:00,163.0,5.393499970436096,81.9349593495935,0.0,0.0583333333333333,0.0,0.0,132.0,133.0,138.0,145.0,151.0,141.0,156.0,158.0,149.0,198.0
1187,2018-06-17T21:35:00,138.0,6.601000010967255,80.69724770642202,0.0,0.0583333333333333,0.0,0.0,163.0,132.0,133.0,138.0,145.0,151.0,141.0,156.0,158.0,153.0
1188,2018-06-17T21:40:00,145.0,5.8765000104904175,80.7094017094017,26.0,0.0583333333333333,0.0,0.0,138.0,163.0,132.0,133.0,138.0,145.0,151.0,141.0,156.0,152.0
1189,2018-06-17T21:45:00,198.0,8.452499866485596,95.62616822429906,35.0,0.0583333333333333,0.0,0.0,145.0,138.0,163.0,132.0,133.0,138.0,145.0,151.0,141.0,212.0
1190,2018-06-17T21:50:00,153.0,11.350499868392946,95.40186915887853,64.0,0.0583333333333333,0.0,0.0,198.0,145.0,138.0,163.0,132.0,133.0,138.0,145.0,151.0,158.0
1191,2018-06-17T21:55:00,152.0,7.6474997997283936,90.74311926605505,43.0,0.0583333333333333,0.0,0.0,153.0,198.0,145.0,138.0,163.0,132.0,133.0,138.0,145.0,166.0
1192,2018-06-17T22:00:00,212.0,8.452499806880951,87.86178861788618,27.0,0.0583333333333333,0.0,0.0,152.0,153.0,198.0,145.0,138.0,163.0,132.0,133.0,138.0,210.0
1193,2018-06-17T22:05:00,158.0,13.2020001411438,106.013698630137,38.0,0.0583333333333333,0.0,0.0,212.0,152.0,153.0,198.0,145.0,138.0,163.0,132.0,133.0,165.0
1194,2018-06-17T22:10:00,166.0,4.105500042438507,112.0,0.0,0.0583333333333333,0.0,0.0,158.0,212.0,152.0,153.0,198.0,145.0,138.0,163.0,132.0,168.0
1195,2018-06-17T22:15:00,210.0,4.105500042438507,70.0,0.0,0.0583333333333333,0.0,0.0,166.0,158.0,212.0,152.0,153.0,198.0,145.0,138.0,163.0,209.0
1196,2018-06-17T22:20:00,165.0,4.749499976634979,83.69672131147541,0.0,0.0583333333333333,0.0,0.0,210.0,166.0,158.0,212.0,152.0,153.0,198.0,145.0,138.0,172.0
1197,2018-06-17T22:25:00,168.0,7.647499799728394,88.99065420560747,25.0,0.0583333333333333,0.0,0.0,165.0,210.0,166.0,158.0,212.0,152.0,153.0,198.0,145.0,176.0
1198,2018-06-17T22:30:00,209.0,8.693999767303467,87.14814814814815,44.0,0.0583333333333333,0.0,0.0,168.0,165.0,210.0,166.0,158.0,212.0,152.0,153.0,198.0,230.0
1199,2018-06-17T22:35:00,172.0,7.325499773025513,85.67289719626169,0.0,0.0583333333333333,0.0,0.0,209.0,168.0,165.0,210.0,166.0,158.0,212.0,152.0,153.0,192.0
1200,2018-06-17T22:40:00,176.0,4.347000002861023,82.22131147540983,0.0,0.0583333333333333,0.0,0.0,172.0,209.0,168.0,165.0,210.0,166.0,158.0,212.0,152.0,201.0
1201,2018-06-17T22:45:00,230.0,4.186000049114227,81.72307692307692,0.0,0.0583333333333333,0.0,0.0,176.0,172.0,209.0,168.0,165.0,210.0,166.0,158.0,212.0,235.0
1202,2018-06-17T22:50:00,192.0,4.025000035762787,72.95762711864407,0.0,0.0583333333333333,0.0,0.0,230.0,176.0,172.0,209.0,168.0,165.0,210.0,166.0,158.0,216.0
1203,2018-06-17T22:55:00,201.0,4.508000016212463,82.40944881889764,0.0,0.0583333333333333,0.0,0.0,192.0,230.0,176.0,172.0,209.0,168.0,165.0,210.0,166.0,223.0
1204,2018-06-17T23:00:00,235.0,4.266500055789948,82.63157894736842,0.0,0.0583333333333333,0.0,0.0,201.0,192.0,230.0,176.0,172.0,209.0,168.0,165.0,210.0,241.0
1205,2018-06-17T23:05:00,216.0,4.186000049114227,81.22413793103448,0.0,0.0583333333333333,0.0,0.0,235.0,201.0,192.0,230.0,176.0,172.0,209.0,168.0,165.0,236.0
1206,2018-06-17T23:10:00,223.0,4.025000035762787,77.91735537190083,0.0,0.0583333333333333,0.0,0.0,216.0,235.0,201.0,192.0,230.0,176.0,172.0,209.0,168.0,244.0
1207,2018-06-17T23:15:00,241.0,4.025000035762787,78.83035714285714,0.0,0.0583333333333333,0.0,0.0,223.0,216.0,235.0,201.0,192.0,230.0,176.0,172.0,209.0,268.0
1208,2018-06-17T23:20:00,236.0,4.025000035762787,79.13223140495867,0.0,0.0583333333333333,0.0,0.0,241.0,223.0,216.0,235.0,201.0,192.0,230.0,176.0,172.0,248.0
1209,2018-06-17T23:25:00,244.0,4.025000035762787,80.6694214876033,0.0,0.0583333333333333,0.0,0.0,236.0,241.0,223.0,216.0,235.0,201.0,192.0,230.0,176.0,244.0
1210,2018-06-17T23:30:00,268.0,4.186000049114227,80.42372881355932,0.0,0.0583333333333333,0.0,0.0,244.0,236.0,241.0,223.0,216.0,235.0,201.0,192.0,230.0,264.0
1211,2018-06-17T23:35:00,248.0,4.588499963283539,82.72549019607843,0.0,0.0583333333333333,0.0,0.0,268.0,244.0,236.0,241.0,223.0,216.0,235.0,201.0,192.0,248.0
1212,2018-06-17T23:40:00,244.0,4.105500042438507,81.72566371681415,0.0,0.0583333333333333,0.0,0.0,248.0,268.0,244.0,236.0,241.0,223.0,216.0,235.0,201.0,248.0
1213,2018-06-17T23:45:00,264.0,4.105500042438507,81.65,0.0,0.0583333333333333,0.0,0.0,244.0,248.0,268.0,244.0,236.0,241.0,223.0,216.0,235.0,253.0
1214,2018-06-17T23:50:00,248.0,4.025000035762787,81.3,0.0,0.0583333333333333,0.0,0.0,264.0,244.0,248.0,268.0,244.0,236.0,241.0,223.0,216.0,246.0
1215,2018-06-17T23:55:00,248.0,4.025000035762787,74.76041666666667,0.0,0.0583333333333333,0.0,0.0,248.0,264.0,244.0,248.0,268.0,244.0,236.0,241.0,223.0,244.0
1216,2018-06-18T00:00:00,253.0,4.105500042438507,77.66129032258064,0.0,0.0708333333333333,0.0,0.0,248.0,248.0,264.0,244.0,248.0,268.0,244.0,236.0,241.0,257.0
1217,2018-06-18T00:05:00,246.0,4.025000035762787,76.62280701754386,0.0,0.0708333333333333,0.0,0.0,253.0,248.0,248.0,264.0,244.0,248.0,268.0,244.0,236.0,237.0
1218,2018-06-18T00:10:00,244.0,4.105500042438507,78.39449541284404,0.0,0.0708333333333333,0.0,0.0,246.0,253.0,248.0,248.0,264.0,244.0,248.0,268.0,244.0,235.0
1219,2018-06-18T00:15:00,257.0,4.186000049114227,77.8,0.0,0.0708333333333333,0.0,0.0,244.0,246.0,253.0,248.0,248.0,264.0,244.0,248.0,268.0,260.0
1220,2018-06-18T00:20:00,237.0,4.025000035762787,71.96551724137932,0.0,0.0708333333333333,0.0,0.0,257.0,244.0,246.0,253.0,248.0,248.0,264.0,244.0,248.0,233.0
1221,2018-06-18T00:25:00,235.0,4.025000035762787,73.09565217391304,0.0,0.0708333333333333,0.0,0.0,237.0,257.0,244.0,246.0,253.0,248.0,248.0,264.0,244.0,231.0
1222,2018-06-18T00:30:00,260.0,4.025000035762787,73.34166666666667,0.0,0.0708333333333333,0.0,0.0,235.0,237.0,257.0,244.0,246.0,253.0,248.0,248.0,264.0,248.0
1223,2018-06-18T00:35:00,233.0,4.025000035762787,72.45132743362832,0.0,0.0708333333333333,0.0,0.0,260.0,235.0,237.0,257.0,244.0,246.0,253.0,248.0,248.0,232.0
1224,2018-06-18T00:40:00,231.0,4.025000035762787,70.61157024793388,0.0,0.0708333333333333,0.0,0.0,233.0,260.0,235.0,237.0,257.0,244.0,246.0,253.0,248.0,231.0
1225,2018-06-18T00:45:00,248.0,4.025000035762787,69.45528455284553,0.0,0.0708333333333333,0.0,0.0,231.0,233.0,260.0,235.0,237.0,257.0,244.0,246.0,253.0,246.0
1226,2018-06-18T00:50:00,232.0,4.025000035762787,70.72268907563026,0.0,0.0708333333333333,0.6,0.0,248.0,231.0,233.0,260.0,235.0,237.0,257.0,244.0,246.0,223.0
1227,2018-06-18T00:55:00,231.0,5.3130000829696655,74.23770491803279,6.0,0.0708333333333333,0.0,0.0,232.0,248.0,231.0,233.0,260.0,235.0,237.0,257.0,244.0,219.0
1228,2018-06-18T01:00:00,246.0,4.025000035762787,66.79310344827586,0.0,0.0708333333333333,0.0,0.0,231.0,232.0,248.0,231.0,233.0,260.0,235.0,237.0,257.0,228.0
1229,2018-06-18T01:05:00,223.0,4.105500042438507,66.85950413223141,0.0,0.0708333333333333,0.0,0.0,246.0,231.0,232.0,248.0,231.0,233.0,260.0,235.0,237.0,206.0
1230,2018-06-18T01:10:00,219.0,4.025000035762787,66.23275862068965,0.0,0.0708333333333333,0.0,0.0,223.0,246.0,231.0,232.0,248.0,231.0,233.0,260.0,235.0,200.0
1231,2018-06-18T01:15:00,228.0,4.266500055789948,70.76068376068376,0.0,0.0708333333333333,0.0,0.0,219.0,223.0,246.0,231.0,232.0,248.0,231.0,233.0,260.0,198.0
1232,2018-06-18T01:20:00,206.0,4.105500042438507,67.41666666666667,0.0,0.0708333333333333,0.0,0.0,228.0,219.0,223.0,246.0,231.0,232.0,248.0,231.0,233.0,188.0
1233,2018-06-18T01:25:00,200.0,4.025000035762787,67.03508771929825,0.0,0.0708333333333333,0.0,0.0,206.0,228.0,219.0,223.0,246.0,231.0,232.0,248.0,231.0,181.0
1234,2018-06-18T01:30:00,198.0,4.186000049114227,67.53968253968254,0.0,0.0708333333333333,0.0,0.0,200.0,206.0,228.0,219.0,223.0,246.0,231.0,232.0,248.0,168.0
1235,2018-06-18T01:35:00,188.0,4.266500055789948,70.32558139534883,0.0,0.0708333333333333,0.0,0.0,198.0,200.0,206.0,228.0,219.0,223.0,246.0,231.0,232.0,172.0
1236,2018-06-18T01:40:00,181.0,4.025000035762787,65.14285714285714,0.0,0.0708333333333333,0.0,0.0,188.0,198.0,200.0,206.0,228.0,219.0,223.0,246.0,231.0,169.0
1237,2018-06-18T01:45:00,168.0,4.025000035762787,63.47540983606557,0.0,0.0708333333333333,0.0,0.0,181.0,188.0,198.0,200.0,206.0,228.0,219.0,223.0,246.0,151.0
1238,2018-06-18T01:50:00,172.0,6.601000010967255,68.72173913043478,7.0,0.0708333333333333,0.0,0.0,168.0,181.0,188.0,198.0,200.0,206.0,228.0,219.0,223.0,162.0
1239,2018-06-18T01:55:00,169.0,4.025000035762787,67.78632478632478,0.0,0.0708333333333333,0.0,0.0,172.0,168.0,181.0,188.0,198.0,200.0,206.0,228.0,219.0,157.0
1240,2018-06-18T02:00:00,151.0,4.105500042438507,66.80357142857143,0.0,0.0708333333333333,0.0,0.0,169.0,172.0,168.0,181.0,188.0,198.0,200.0,206.0,228.0,154.0
1241,2018-06-18T02:05:00,162.0,4.025000035762787,65.32203389830508,0.0,0.0708333333333333,0.0,0.0,151.0,169.0,172.0,168.0,181.0,188.0,198.0,200.0,206.0,154.0
1242,2018-06-18T02:10:00,157.0,4.025000035762787,64.86,0.0,0.0708333333333333,0.0,0.0,162.0,151.0,169.0,172.0,168.0,181.0,188.0,198.0,200.0,153.0
1243,2018-06-18T02:15:00,154.0,4.025000035762787,67.6,0.0,0.0708333333333333,0.0,0.0,157.0,162.0,151.0,169.0,172.0,168.0,181.0,188.0,198.0,166.0
1244,2018-06-18T02:20:00,154.0,4.025000035762787,69.23529411764706,0.0,0.0708333333333333,0.0,0.0,154.0,157.0,162.0,151.0,169.0,172.0,168.0,181.0,188.0,152.0
1245,2018-06-18T02:25:00,153.0,4.105500042438507,68.82142857142857,0.0,0.0708333333333333,0.0,0.0,154.0,154.0,157.0,162.0,151.0,169.0,172.0,168.0,181.0,155.0
1246,2018-06-18T02:30:00,166.0,4.025000035762787,69.77868852459017,0.0,0.0708333333333333,0.0,0.0,153.0,154.0,154.0,157.0,162.0,151.0,169.0,172.0,168.0,173.0
1247,2018-06-18T02:35:00,152.0,4.025000035762787,69.2566371681416,0.0,0.0708333333333333,0.0,0.0,166.0,153.0,154.0,154.0,157.0,162.0,151.0,169.0,172.0,160.0
1248,2018-06-18T02:40:00,155.0,4.186000049114227,76.448,0.0,0.0708333333333333,0.0,0.0,152.0,166.0,153.0,154.0,154.0,157.0,162.0,151.0,169.0,164.0
1249,2018-06-18T02:45:00,173.0,4.105500042438507,74.16239316239316,0.0,0.0708333333333333,0.0,0.0,155.0,152.0,166.0,153.0,154.0,154.0,157.0,162.0,151.0,173.0
1250,2018-06-18T02:50:00,160.0,4.105500042438507,72.15833333333333,0.0,0.0708333333333333,0.0,0.0,173.0,155.0,152.0,166.0,153.0,154.0,154.0,157.0,162.0,165.0
1251,2018-06-18T02:55:00,164.0,4.025000035762787,69.87394957983193,0.0,0.0708333333333333,0.0,0.0,160.0,173.0,155.0,152.0,166.0,153.0,154.0,154.0,157.0,163.0
1252,2018-06-18T03:00:00,173.0,4.025000035762787,68.66153846153846,0.0,0.0541666666666666,0.0,0.0,164.0,160.0,173.0,155.0,152.0,166.0,153.0,154.0,154.0,167.0
1253,2018-06-18T03:05:00,165.0,4.025000035762787,66.8119658119658,0.0,0.0541666666666666,0.0,0.0,173.0,164.0,160.0,173.0,155.0,152.0,166.0,153.0,154.0,160.0
1254,2018-06-18T03:10:00,163.0,4.025000035762787,63.82575757575758,0.0,0.0541666666666666,0.0,0.0,165.0,173.0,164.0,160.0,173.0,155.0,152.0,166.0,153.0,158.0
1255,2018-06-18T03:15:00,167.0,4.025000035762787,62.75968992248062,0.0,0.0541666666666666,0.0,0.0,163.0,165.0,173.0,164.0,160.0,173.0,155.0,152.0,166.0,163.0
1256,2018-06-18T03:20:00,160.0,4.025000035762787,63.44347826086957,0.0,0.0541666666666666,0.0,0.0,167.0,163.0,165.0,173.0,164.0,160.0,173.0,155.0,152.0,154.0
1257,2018-06-18T03:25:00,158.0,4.025000035762787,61.82258064516129,0.0,0.0541666666666666,0.0,0.0,160.0,167.0,163.0,165.0,173.0,164.0,160.0,173.0,155.0,149.0
1258,2018-06-18T03:30:00,163.0,4.025000035762787,62.65079365079365,0.0,0.0541666666666666,0.0,0.0,158.0,160.0,167.0,163.0,165.0,173.0,164.0,160.0,173.0,138.0
1259,2018-06-18T03:35:00,154.0,4.105500042438507,67.68032786885246,0.0,0.0383333333333333,0.0,0.0,163.0,158.0,160.0,167.0,163.0,165.0,173.0,164.0,160.0,151.0
1260,2018-06-18T03:40:00,149.0,4.508000016212463,81.60526315789474,0.0,0.0383333333333333,0.0,0.0,154.0,163.0,158.0,160.0,167.0,163.0,165.0,173.0,164.0,150.0
1261,2018-06-18T03:45:00,138.0,4.105500042438507,60.578512396694215,0.0,0.0383333333333333,0.0,0.0,149.0,154.0,163.0,158.0,160.0,167.0,163.0,165.0,173.0,132.0
1262,2018-06-18T03:50:00,151.0,4.105500042438507,59.939655172413794,0.0,0.0383333333333333,0.0,0.0,138.0,149.0,154.0,163.0,158.0,160.0,167.0,163.0,165.0,145.0
1263,2018-06-18T03:55:00,150.0,4.025000035762787,59.59130434782609,0.0,0.0383333333333333,0.0,0.0,151.0,138.0,149.0,154.0,163.0,158.0,160.0,167.0,163.0,145.0
1264,2018-06-18T04:00:00,132.0,4.105500042438507,60.574803149606296,0.0,0.0383333333333333,0.0,0.0,150.0,151.0,138.0,149.0,154.0,163.0,158.0,160.0,167.0,123.0
1265,2018-06-18T04:05:00,145.0,4.025000035762787,59.78947368421053,0.0,0.0383333333333333,0.0,0.0,132.0,150.0,151.0,138.0,149.0,154.0,163.0,158.0,160.0,140.0
1266,2018-06-18T04:10:00,145.0,4.105500042438507,62.43650793650794,0.0,0.0383333333333333,0.0,0.0,145.0,132.0,150.0,151.0,138.0,149.0,154.0,163.0,158.0,136.0
1267,2018-06-18T04:15:00,123.0,4.025000035762787,61.64615384615384,0.0,0.0383333333333333,0.0,0.0,145.0,145.0,132.0,150.0,151.0,138.0,149.0,154.0,163.0,114.0
1268,2018-06-18T04:20:00,140.0,4.105500042438507,62.59230769230769,0.0,0.0383333333333333,0.0,0.0,123.0,145.0,145.0,132.0,150.0,151.0,138.0,149.0,154.0,131.0
1269,2018-06-18T04:25:00,136.0,4.025000035762787,60.44915254237288,0.0,0.0383333333333333,0.0,0.0,140.0,123.0,145.0,145.0,132.0,150.0,151.0,138.0,149.0,128.0
1270,2018-06-18T04:30:00,114.0,4.025000035762787,61.64912280701754,0.0,0.0383333333333333,0.0,0.0,136.0,140.0,123.0,145.0,145.0,132.0,150.0,151.0,138.0,113.0
1271,2018-06-18T04:35:00,131.0,4.025000035762787,60.385245901639344,0.0,0.0383333333333333,0.0,0.0,114.0,136.0,140.0,123.0,145.0,145.0,132.0,150.0,151.0,126.0
1272,2018-06-18T04:40:00,128.0,4.025000035762787,59.29824561403509,0.0,0.0383333333333333,0.0,0.0,131.0,114.0,136.0,140.0,123.0,145.0,145.0,132.0,150.0,126.0
1273,2018-06-18T04:45:00,113.0,4.025000035762787,60.10434782608696,0.0,0.0383333333333333,0.0,0.0,128.0,131.0,114.0,136.0,140.0,123.0,145.0,145.0,132.0,113.0
1274,2018-06-18T04:50:00,126.0,4.025000035762787,58.57758620689656,0.0,0.0383333333333333,0.0,0.0,113.0,128.0,131.0,114.0,136.0,140.0,123.0,145.0,145.0,123.0
1275,2018-06-18T04:55:00,126.0,4.025000035762787,59.12977099236641,0.0,0.0383333333333333,0.0,0.0,126.0,113.0,128.0,131.0,114.0,136.0,140.0,123.0,145.0,121.0
1276,2018-06-18T05:00:00,113.0,4.025000035762787,58.92307692307692,0.0,0.0291666666666666,0.0,0.0,126.0,126.0,113.0,128.0,131.0,114.0,136.0,140.0,123.0,107.0
1277,2018-06-18T05:05:00,123.0,4.025000035762787,57.71428571428572,0.0,0.0291666666666666,0.0,0.0,113.0,126.0,126.0,113.0,128.0,131.0,114.0,136.0,140.0,115.0
1278,2018-06-18T05:10:00,121.0,4.025000035762787,57.19672131147541,0.0,0.0291666666666666,0.0,0.0,123.0,113.0,126.0,126.0,113.0,128.0,131.0,114.0,136.0,114.0
1279,2018-06-18T05:15:00,107.0,4.105500042438507,59.54477611940298,0.0,0.0291666666666666,0.0,0.0,121.0,123.0,113.0,126.0,126.0,113.0,128.0,131.0,114.0,103.0
1280,2018-06-18T05:20:00,115.0,4.025000035762787,58.278260869565216,0.0,0.0291666666666666,0.0,0.0,107.0,121.0,123.0,113.0,126.0,126.0,113.0,128.0,131.0,116.0
1281,2018-06-18T05:25:00,114.0,4.025000035762787,58.57017543859649,0.0,0.0291666666666666,0.0,0.0,115.0,107.0,121.0,123.0,113.0,126.0,126.0,113.0,128.0,116.0
1282,2018-06-18T05:30:00,103.0,4.025000035762787,59.888888888888886,0.0,0.0291666666666666,0.0,0.0,114.0,115.0,107.0,121.0,123.0,113.0,126.0,126.0,113.0,100.0
1283,2018-06-18T05:35:00,116.0,4.025000035762787,59.74107142857143,0.0,0.0291666666666666,0.0,0.0,103.0,114.0,115.0,107.0,121.0,123.0,113.0,126.0,126.0,115.0
1284,2018-06-18T05:40:00,116.0,4.025000035762787,61.42335766423358,0.0,0.0291666666666666,0.0,0.0,116.0,103.0,114.0,115.0,107.0,121.0,123.0,113.0,126.0,117.0
1285,2018-06-18T05:45:00,100.0,4.025000035762787,58.549549549549546,0.0,0.0291666666666666,0.0,0.0,116.0,116.0,103.0,114.0,115.0,107.0,121.0,123.0,113.0,93.0
1286,2018-06-18T05:50:00,115.0,4.025000035762787,58.9758064516129,0.0,0.0291666666666666,0.0,0.0,100.0,116.0,116.0,103.0,114.0,115.0,107.0,121.0,123.0,120.0
1287,2018-06-18T05:55:00,117.0,4.025000035762787,60.38135593220339,0.0,0.0291666666666666,0.0,0.0,115.0,100.0,116.0,116.0,103.0,114.0,115.0,107.0,121.0,121.0
1288,2018-06-18T06:00:00,93.0,4.025000035762787,58.653225806451616,0.0,0.0291666666666666,0.0,0.0,117.0,115.0,100.0,116.0,116.0,103.0,114.0,115.0,107.0,89.0
1289,2018-06-18T06:05:00,120.0,4.105500042438507,59.50819672131148,0.0,0.0291666666666666,0.0,0.0,93.0,117.0,115.0,100.0,116.0,116.0,103.0,114.0,115.0,118.0
1290,2018-06-18T06:10:00,121.0,4.025000035762787,58.96747967479675,0.0,0.0291666666666666,0.0,0.0,120.0,93.0,117.0,115.0,100.0,116.0,116.0,103.0,114.0,119.0
1291,2018-06-18T06:15:00,89.0,4.105500042438507,58.1,0.0,0.0291666666666666,0.0,0.0,121.0,120.0,93.0,117.0,115.0,100.0,116.0,116.0,103.0,98.0
1292,2018-06-18T06:20:00,118.0,4.025000035762787,56.61739130434783,0.0,0.0291666666666666,0.0,0.0,89.0,121.0,120.0,93.0,117.0,115.0,100.0,116.0,116.0,122.0
1293,2018-06-18T06:25:00,119.0,4.025000035762787,58.41880341880342,0.0,0.0291666666666666,0.0,0.0,118.0,89.0,121.0,120.0,93.0,117.0,115.0,100.0,116.0,120.0
1294,2018-06-18T06:30:00,98.0,4.025000035762787,58.23529411764706,0.0,0.0291666666666666,0.0,0.0,119.0,118.0,89.0,121.0,120.0,93.0,117.0,115.0,100.0,107.0
1295,2018-06-18T06:35:00,122.0,4.105500042438507,57.51587301587302,0.0,0.0291666666666666,0.0,0.0,98.0,119.0,118.0,89.0,121.0,120.0,93.0,117.0,115.0,118.0
1296,2018-06-18T06:40:00,120.0,4.025000035762787,58.00806451612903,0.0,0.0291666666666666,0.0,0.0,122.0,98.0,119.0,118.0,89.0,121.0,120.0,93.0,117.0,114.0
1297,2018-06-18T06:45:00,107.0,4.025000035762787,57.21311475409836,0.0,0.0291666666666666,0.0,0.0,120.0,122.0,98.0,119.0,118.0,89.0,121.0,120.0,93.0,110.0
1298,2018-06-18T06:50:00,118.0,4.025000035762787,58.52307692307692,0.0,0.0291666666666666,0.0,0.0,107.0,120.0,122.0,98.0,119.0,118.0,89.0,121.0,120.0,119.0
1299,2018-06-18T06:55:00,114.0,4.025000035762787,55.96694214876033,0.0,0.0291666666666666,0.0,0.0,118.0,107.0,120.0,122.0,98.0,119.0,118.0,89.0,121.0,117.0
1300,2018-06-18T07:00:00,110.0,4.025000035762787,62.3359375,0.0,0.0291666666666666,0.0,0.0,114.0,118.0,107.0,120.0,122.0,98.0,119.0,118.0,89.0,111.0
1301,2018-06-18T07:05:00,119.0,4.105500042438507,56.725,0.0,0.0291666666666666,0.0,0.0,110.0,114.0,118.0,107.0,120.0,122.0,98.0,119.0,118.0,119.0
1302,2018-06-18T07:10:00,117.0,4.025000035762787,55.93129770992366,0.0,0.0291666666666666,0.0,0.0,119.0,110.0,114.0,118.0,107.0,120.0,122.0,98.0,119.0,121.0
1303,2018-06-18T07:15:00,111.0,4.025000035762787,60.26984126984127,0.0,0.0291666666666666,0.0,0.0,117.0,119.0,110.0,114.0,118.0,107.0,120.0,122.0,98.0,116.0
1304,2018-06-18T07:20:00,119.0,4.025000035762787,58.93103448275862,0.0,0.0291666666666666,0.0,0.0,111.0,117.0,119.0,110.0,114.0,118.0,107.0,120.0,122.0,124.0
1305,2018-06-18T07:25:00,121.0,4.025000035762787,58.267857142857146,0.0,0.0291666666666666,0.0,0.0,119.0,111.0,117.0,119.0,110.0,114.0,118.0,107.0,120.0,126.0
1306,2018-06-18T07:30:00,116.0,4.025000035762787,58.5,0.0,0.0291666666666666,0.0,0.0,121.0,119.0,111.0,117.0,119.0,110.0,114.0,118.0,107.0,123.0
1307,2018-06-18T07:35:00,124.0,4.025000035762787,59.034188034188034,0.0,0.0416666666666666,0.0,0.0,116.0,121.0,119.0,111.0,117.0,119.0,110.0,114.0,118.0,128.0
1308,2018-06-18T07:40:00,126.0,4.025000035762787,59.018181818181816,0.0,0.0416666666666666,0.0,0.0,124.0,116.0,121.0,119.0,111.0,117.0,119.0,110.0,114.0,130.0
1309,2018-06-18T07:45:00,123.0,4.025000035762787,62.078947368421055,0.0,0.0416666666666666,0.0,0.0,126.0,124.0,116.0,121.0,119.0,111.0,117.0,119.0,110.0,129.0
1310,2018-06-18T07:50:00,128.0,4.025000035762787,61.6890756302521,0.0,0.0416666666666666,0.0,0.0,123.0,126.0,124.0,116.0,121.0,119.0,111.0,117.0,119.0,135.0
1311,2018-06-18T07:55:00,130.0,4.025000035762787,60.53043478260869,0.0,0.0416666666666666,0.0,0.0,128.0,123.0,126.0,124.0,116.0,121.0,119.0,111.0,117.0,138.0
1312,2018-06-18T08:00:00,129.0,4.025000035762787,60.656,0.0,0.0416666666666666,0.0,0.0,130.0,128.0,123.0,126.0,124.0,116.0,121.0,119.0,111.0,134.0
1313,2018-06-18T08:05:00,135.0,4.025000035762787,60.51282051282051,0.0,0.0416666666666666,0.0,0.0,129.0,130.0,128.0,123.0,126.0,124.0,116.0,121.0,119.0,141.0
1314,2018-06-18T08:10:00,138.0,4.025000035762787,60.48461538461538,0.0,0.0416666666666666,0.0,0.0,135.0,129.0,130.0,128.0,123.0,126.0,124.0,116.0,121.0,138.0
1315,2018-06-18T08:15:00,134.0,4.025000035762787,58.26890756302521,0.0,0.0416666666666666,0.0,0.0,138.0,135.0,129.0,130.0,128.0,123.0,126.0,124.0,116.0,136.0
1316,2018-06-18T08:20:00,141.0,4.025000035762787,59.5609756097561,0.0,0.0416666666666666,0.0,0.0,134.0,138.0,135.0,129.0,130.0,128.0,123.0,126.0,124.0,136.0
1317,2018-06-18T08:25:00,138.0,4.025000035762787,58.725,0.0,0.0416666666666666,0.0,0.0,141.0,134.0,138.0,135.0,129.0,130.0,128.0,123.0,126.0,136.0
1318,2018-06-18T08:30:00,136.0,4.105500042438507,60.275,0.0,0.0416666666666666,0.0,0.0,138.0,141.0,134.0,138.0,135.0,129.0,130.0,128.0,123.0,135.0
1319,2018-06-18T08:35:00,136.0,4.025000035762787,58.67521367521368,0.0,0.0416666666666666,0.0,0.0,136.0,138.0,141.0,134.0,138.0,135.0,129.0,130.0,128.0,135.0
1320,2018-06-18T08:40:00,136.0,4.025000035762787,60.19834710743802,0.0,0.0416666666666666,0.0,0.0,136.0,136.0,138.0,141.0,134.0,138.0,135.0,129.0,130.0,140.0
1321,2018-06-18T08:45:00,135.0,4.025000035762787,59.19327731092437,0.0,0.0416666666666666,0.0,0.0,136.0,136.0,136.0,138.0,141.0,134.0,138.0,135.0,129.0,131.0
1322,2018-06-18T08:50:00,135.0,4.025000035762787,58.92173913043478,0.0,0.0416666666666666,0.0,0.0,135.0,136.0,136.0,136.0,138.0,141.0,134.0,138.0,135.0,133.0
1323,2018-06-18T08:55:00,140.0,4.105500042438507,59.26829268292683,0.0,0.0416666666666666,0.0,0.0,135.0,135.0,136.0,136.0,136.0,138.0,141.0,134.0,138.0,133.0
1324,2018-06-18T09:00:00,131.0,4.105500042438507,61.24793388429752,0.0,0.0375,0.0,0.0,140.0,135.0,135.0,136.0,136.0,136.0,138.0,141.0,134.0,132.0
1325,2018-06-18T09:05:00,133.0,4.025000035762787,62.16949152542373,0.0,0.0375,0.0,0.0,131.0,140.0,135.0,135.0,136.0,136.0,136.0,138.0,141.0,134.0
1326,2018-06-18T09:10:00,133.0,4.025000035762787,60.333333333333336,0.0,0.0375,0.0,0.0,133.0,131.0,140.0,135.0,135.0,136.0,136.0,136.0,138.0,135.0
1327,2018-06-18T09:15:00,132.0,4.025000035762787,59.892857142857146,0.0,0.0375,0.0,0.0,133.0,133.0,131.0,140.0,135.0,135.0,136.0,136.0,136.0,134.0
1328,2018-06-18T09:20:00,134.0,4.025000035762787,59.80701754385965,0.0,0.0375,0.0,0.0,132.0,133.0,133.0,131.0,140.0,135.0,135.0,136.0,136.0,135.0
1329,2018-06-18T09:25:00,135.0,4.025000035762787,60.54385964912281,0.0,0.0375,0.0,0.0,134.0,132.0,133.0,133.0,131.0,140.0,135.0,135.0,136.0,134.0
1330,2018-06-18T09:30:00,134.0,4.025000035762787,61.45614035087719,0.0,0.0375,0.0,0.0,135.0,134.0,132.0,133.0,133.0,131.0,140.0,135.0,135.0,134.0
1331,2018-06-18T09:35:00,135.0,4.025000035762787,61.54545454545455,0.0,0.0375,0.0,0.0,134.0,135.0,134.0,132.0,133.0,133.0,131.0,140.0,135.0,135.0
1332,2018-06-18T09:40:00,134.0,4.025000035762787,61.72033898305085,0.0,0.0375,0.0,0.0,135.0,134.0,135.0,134.0,132.0,133.0,133.0,131.0,140.0,136.0
1333,2018-06-18T09:45:00,134.0,4.025000035762787,62.92920353982301,0.0,0.0375,0.0,0.0,134.0,135.0,134.0,135.0,134.0,132.0,133.0,133.0,131.0,139.0
1334,2018-06-18T09:50:00,135.0,4.025000035762787,63.99122807017544,0.0,0.0375,0.0,0.0,134.0,134.0,135.0,134.0,135.0,134.0,132.0,133.0,133.0,140.0
1335,2018-06-18T09:55:00,136.0,4.025000035762787,62.08196721311475,0.0,0.0375,0.0,0.0,135.0,134.0,134.0,135.0,134.0,135.0,134.0,132.0,133.0,140.0
1336,2018-06-18T10:00:00,139.0,4.025000035762787,58.483050847457626,0.0,0.0375,0.0,0.0,136.0,135.0,134.0,134.0,135.0,134.0,135.0,134.0,132.0,142.0
1337,2018-06-18T10:05:00,140.0,4.025000035762787,57.38211382113821,0.0,0.0375,0.0,0.0,139.0,136.0,135.0,134.0,134.0,135.0,134.0,135.0,134.0,137.0
1338,2018-06-18T10:10:00,140.0,4.025000035762787,57.49606299212599,0.0,0.0375,0.0,0.0,140.0,139.0,136.0,135.0,134.0,134.0,135.0,134.0,135.0,136.0
1339,2018-06-18T10:15:00,142.0,4.025000035762787,57.944,0.0,0.0375,0.0,0.0,140.0,140.0,139.0,136.0,135.0,134.0,134.0,135.0,134.0,136.0
1340,2018-06-18T10:20:00,137.0,4.105500042438507,55.8134328358209,0.0,0.0375,0.0,0.0,142.0,140.0,140.0,139.0,136.0,135.0,134.0,134.0,135.0,134.0
1341,2018-06-18T10:25:00,136.0,4.025000035762787,67.57936507936508,0.0,0.0375,0.0,0.0,137.0,142.0,140.0,140.0,139.0,136.0,135.0,134.0,134.0,134.0
1342,2018-06-18T10:30:00,136.0,4.025000035762787,58.18181818181818,0.0,0.0375,0.0,0.0,136.0,137.0,142.0,140.0,140.0,139.0,136.0,135.0,134.0,133.0
1343,2018-06-18T10:35:00,134.0,4.025000035762787,61.96062992125984,0.0,0.0375,0.0,0.0,136.0,136.0,137.0,142.0,140.0,140.0,139.0,136.0,135.0,131.0
1344,2018-06-18T10:40:00,134.0,4.025000035762787,58.09848484848485,0.0,0.0375,0.0,0.0,134.0,136.0,136.0,137.0,142.0,140.0,140.0,139.0,136.0,129.0
1345,2018-06-18T10:45:00,133.0,4.025000035762787,57.41463414634146,0.0,0.0375,0.0,0.0,134.0,134.0,136.0,136.0,137.0,142.0,140.0,140.0,139.0,130.0
1346,2018-06-18T10:50:00,131.0,4.025000035762787,59.5859375,0.0,0.0375,0.0,0.0,133.0,134.0,134.0,136.0,136.0,137.0,142.0,140.0,140.0,128.0
1347,2018-06-18T10:55:00,129.0,4.025000035762787,57.64227642276423,0.0,0.0375,0.0,0.0,131.0,133.0,134.0,134.0,136.0,136.0,137.0,142.0,140.0,127.0
1348,2018-06-18T11:00:00,130.0,4.025000035762787,57.631147540983605,0.0,0.0375,0.0,0.0,129.0,131.0,133.0,134.0,134.0,136.0,136.0,137.0,142.0,127.0
1349,2018-06-18T11:05:00,128.0,6.359499990940094,67.24166666666666,33.0,0.0375,0.0,0.0,130.0,129.0,131.0,133.0,134.0,134.0,136.0,136.0,137.0,133.0
1350,2018-06-18T11:10:00,127.0,5.634999990463257,79.4862385321101,16.0,0.0375,0.0,0.0,128.0,130.0,129.0,131.0,133.0,134.0,134.0,136.0,136.0,145.0
1351,2018-06-18T11:15:00,127.0,6.681500017642975,77.58653846153847,8.0,0.0375,2.5,2.5,127.0,128.0,130.0,129.0,131.0,133.0,134.0,134.0,136.0,140.0
1352,2018-06-18T11:20:00,133.0,5.3130000829696655,77.04237288135593,7.0,0.0375,0.0,0.0,127.0,127.0,128.0,130.0,129.0,131.0,133.0,134.0,134.0,147.0
1353,2018-06-18T11:25:00,145.0,4.105500042438507,66.90677966101696,0.0,0.0375,0.0,0.0,133.0,127.0,127.0,128.0,130.0,129.0,131.0,133.0,134.0,150.0
1354,2018-06-18T11:30:00,140.0,4.025000035762787,67.2090909090909,0.0,0.0375,0.0,0.0,145.0,133.0,127.0,127.0,128.0,130.0,129.0,131.0,133.0,188.0
1355,2018-06-18T11:35:00,147.0,4.266500055789948,72.18018018018019,0.0,0.0375,0.0,0.0,140.0,145.0,133.0,127.0,127.0,128.0,130.0,129.0,131.0,182.0
1356,2018-06-18T11:40:00,150.0,8.291499972343445,77.36363636363636,55.0,0.0375,0.0,0.0,147.0,140.0,145.0,133.0,127.0,127.0,128.0,130.0,129.0,187.0
1357,2018-06-18T11:45:00,188.0,14.007000088691711,97.80645161290325,0.0,0.0375,0.0,0.0,150.0,147.0,140.0,145.0,133.0,127.0,127.0,128.0,130.0,224.0
1358,2018-06-18T11:50:00,182.0,4.105500042438507,76.21804511278195,0.0,0.0375,0.0,0.0,188.0,150.0,147.0,140.0,145.0,133.0,127.0,127.0,128.0,192.0
1359,2018-06-18T11:55:00,187.0,4.186000049114227,78.46564885496183,0.0,0.0375,0.0,0.0,182.0,188.0,150.0,147.0,140.0,145.0,133.0,127.0,127.0,195.0
1360,2018-06-18T12:00:00,224.0,4.186000049114227,77.31496062992126,0.0,0.0375,0.0,0.0,187.0,182.0,188.0,150.0,147.0,140.0,145.0,133.0,127.0,237.0
1361,2018-06-18T12:05:00,192.0,4.105500042438507,70.4322033898305,0.0,0.0375,0.0,0.0,224.0,187.0,182.0,188.0,150.0,147.0,140.0,145.0,133.0,196.0
1362,2018-06-18T12:10:00,195.0,4.025000035762787,67.8119658119658,0.0,0.0375,0.0,0.0,192.0,224.0,187.0,182.0,188.0,150.0,147.0,140.0,145.0,201.0
1363,2018-06-18T12:15:00,237.0,4.186000049114227,69.91338582677166,0.0,0.0375,0.0,0.0,195.0,192.0,224.0,187.0,182.0,188.0,150.0,147.0,140.0,249.0
1364,2018-06-18T12:20:00,196.0,8.049999833106995,77.17117117117117,17.0,0.0375,0.0,0.0,237.0,195.0,192.0,224.0,187.0,182.0,188.0,150.0,147.0,209.0
1365,2018-06-18T12:25:00,201.0,11.269999742507936,80.0,62.0,0.0375,0.0,0.0,196.0,237.0,195.0,192.0,224.0,187.0,182.0,188.0,150.0,212.0
1366,2018-06-18T12:30:00,249.0,8.210999965667725,80.0,28.0,0.0375,0.0,0.0,201.0,196.0,237.0,195.0,192.0,224.0,187.0,182.0,188.0,260.0
1367,2018-06-18T12:35:00,209.0,8.855000019073486,77.82758620689656,64.0,0.0375,0.0,0.0,249.0,201.0,196.0,237.0,195.0,192.0,224.0,187.0,182.0,211.0
1368,2018-06-18T12:40:00,212.0,7.888999938964844,66.0,13.0,0.0375,0.0,0.0,209.0,249.0,201.0,196.0,237.0,195.0,192.0,224.0,187.0,211.0
1369,2018-06-18T12:45:00,260.0,10.545499980449678,77.05042016806723,97.0,0.0375,0.0,0.0,212.0,209.0,249.0,201.0,196.0,237.0,195.0,192.0,224.0,260.0
1370,2018-06-18T12:50:00,211.0,9.90149974822998,87.0,43.0,0.0375,0.0,0.0,260.0,212.0,209.0,249.0,201.0,196.0,237.0,195.0,192.0,203.0
1371,2018-06-18T12:55:00,211.0,8.291499853134155,87.15929203539822,0.0,0.0375,0.0,0.0,211.0,260.0,212.0,209.0,249.0,201.0,196.0,237.0,195.0,197.0
1372,2018-06-18T13:00:00,260.0,8.532999813556671,82.15178571428571,51.0,0.0375,0.0,0.0,211.0,211.0,260.0,212.0,209.0,249.0,201.0,196.0,237.0,243.0
1373,2018-06-18T13:05:00,203.0,7.003499925136566,87.16363636363636,43.0,0.0375,0.0,0.0,260.0,211.0,211.0,260.0,212.0,209.0,249.0,201.0,196.0,192.0
1374,2018-06-18T13:10:00,197.0,4.749499976634979,82.96330275229357,0.0,0.0375,0.0,0.0,203.0,260.0,211.0,211.0,260.0,212.0,209.0,249.0,201.0,189.0
1375,2018-06-18T13:15:00,243.0,7.969499945640564,80.76923076923077,13.0,0.0375,0.0,0.0,197.0,203.0,260.0,211.0,211.0,260.0,212.0,209.0,249.0,223.0
1376,2018-06-18T13:20:00,192.0,6.118000030517578,74.04918032786885,44.0,0.0375,0.0,0.0,243.0,197.0,203.0,260.0,211.0,211.0,260.0,212.0,209.0,181.0
1377,2018-06-18T13:25:00,189.0,5.071500062942505,68.76923076923077,0.0,0.0375,0.0,0.0,192.0,243.0,197.0,203.0,260.0,211.0,211.0,260.0,212.0,178.0
1378,2018-06-18T13:30:00,223.0,14.65100002288818,76.0,155.0,0.0375,0.0,0.0,189.0,192.0,243.0,197.0,203.0,260.0,211.0,211.0,260.0,208.0
1379,2018-06-18T13:35:00,181.0,9.579499781131744,77.47747747747748,65.0,0.0375,0.0,0.0,223.0,189.0,192.0,243.0,197.0,203.0,260.0,211.0,211.0,168.0
1380,2018-06-18T13:40:00,178.0,9.98199987411499,91.06603773584904,55.0,0.0375,0.0,0.0,181.0,223.0,189.0,192.0,243.0,197.0,203.0,260.0,211.0,160.0
1381,2018-06-18T13:45:00,208.0,9.418499886989595,93.99090909090908,35.0,0.0375,0.0,0.0,178.0,181.0,223.0,189.0,192.0,243.0,197.0,203.0,260.0,186.0
1382,2018-06-18T13:50:00,168.0,11.511500000953676,94.07964601769912,63.0,0.0375,0.0,0.0,208.0,178.0,181.0,223.0,189.0,192.0,243.0,197.0,203.0,145.0
1383,2018-06-18T13:55:00,160.0,8.613499879837036,96.80555555555556,25.0,0.0375,0.0,0.0,168.0,208.0,178.0,181.0,223.0,189.0,192.0,243.0,197.0,138.0
1384,2018-06-18T14:00:00,186.0,13.20199990272522,90.9217391304348,176.0,0.0375,0.0,0.0,160.0,168.0,208.0,178.0,181.0,223.0,189.0,192.0,243.0,160.0
1385,2018-06-18T14:05:00,145.0,5.7959999442100525,80.99166666666666,8.0,0.0375,0.0,0.0,186.0,160.0,168.0,208.0,178.0,181.0,223.0,189.0,192.0,128.0
1386,2018-06-18T14:10:00,138.0,4.910499930381775,81.16981132075472,0.0,0.0375,0.0,0.0,145.0,186.0,160.0,168.0,208.0,178.0,181.0,223.0,189.0,122.0
1387,2018-06-18T14:15:00,160.0,9.176999807357788,84.6574074074074,34.0,0.0375,0.0,0.0,138.0,145.0,186.0,160.0,168.0,208.0,178.0,181.0,223.0,137.0
1388,2018-06-18T14:20:00,128.0,12.718999862670898,85.01904761904763,134.0,0.0375,0.0,0.0,160.0,138.0,145.0,186.0,160.0,168.0,208.0,178.0,181.0,113.0
1389,2018-06-18T14:25:00,122.0,8.291499972343445,89.65873015873017,21.0,0.0375,0.0,0.0,128.0,160.0,138.0,145.0,186.0,160.0,168.0,208.0,178.0,109.0
1390,2018-06-18T14:30:00,137.0,7.647499799728394,85.52830188679245,29.0,0.0375,0.0,0.0,122.0,128.0,160.0,138.0,145.0,186.0,160.0,168.0,208.0,119.0
1391,2018-06-18T14:35:00,113.0,8.532999813556671,82.17213114754098,22.0,0.0375,0.0,0.0,137.0,122.0,128.0,160.0,138.0,145.0,186.0,160.0,168.0,100.0
1392,2018-06-18T14:40:00,109.0,5.232499837875366,85.5725806451613,0.0,0.0375,0.0,0.0,113.0,137.0,122.0,128.0,160.0,138.0,145.0,186.0,160.0,92.0
1393,2018-06-18T14:45:00,119.0,9.5794997215271,85.2015503875969,26.0,0.0375,0.0,0.0,109.0,113.0,137.0,122.0,128.0,160.0,138.0,145.0,186.0,81.0
1394,2018-06-18T14:50:00,100.0,11.028499841690063,91.28125,93.0,0.0375,0.0,0.0,119.0,109.0,113.0,137.0,122.0,128.0,160.0,138.0,145.0,83.0
1395,2018-06-18T14:55:00,92.0,11.994499921798706,93.8529411764706,58.0,0.0375,0.0,0.0,100.0,119.0,109.0,113.0,137.0,122.0,128.0,160.0,138.0,81.0
1396,2018-06-18T15:00:00,81.0,9.015999794006348,82.546875,71.0,0.0375,0.0,0.0,92.0,100.0,119.0,109.0,113.0,137.0,122.0,128.0,160.0,78.0
1397,2018-06-18T15:05:00,83.0,4.910499930381775,84.97058823529412,0.0,0.0375,0.0,0.0,81.0,92.0,100.0,119.0,109.0,113.0,137.0,122.0,128.0,79.0
1398,2018-06-18T15:10:00,81.0,10.06249976158142,84.79508196721312,45.0,0.0375,0.0,0.0,83.0,81.0,92.0,100.0,119.0,109.0,113.0,137.0,122.0,86.0
1399,2018-06-18T15:15:00,78.0,4.105500042438507,78.34074074074074,0.0,0.0375,0.0,0.0,81.0,83.0,81.0,92.0,100.0,119.0,109.0,113.0,137.0,99.0
1400,2018-06-18T15:20:00,79.0,4.105500042438507,78.69421487603306,0.0,0.0,0.0,0.0,78.0,81.0,83.0,81.0,92.0,100.0,119.0,109.0,113.0,114.0
1401,2018-06-18T15:25:00,86.0,4.749499976634979,81.5982905982906,0.0,0.0,0.0,0.0,79.0,78.0,81.0,83.0,81.0,92.0,100.0,119.0,109.0,136.0
1402,2018-06-18T15:30:00,99.0,4.427500009536743,83.432,0.0,0.0,0.0,0.0,86.0,79.0,78.0,81.0,83.0,81.0,92.0,100.0,119.0,185.0
1403,2018-06-18T15:35:00,114.0,8.774499833583832,86.01801801801801,35.0,0.0,0.0,0.0,99.0,86.0,79.0,78.0,81.0,83.0,81.0,92.0,100.0,175.0
1404,2018-06-18T15:40:00,136.0,5.071499943733215,85.56140350877193,0.0,0.0,0.0,0.0,114.0,99.0,86.0,79.0,78.0,81.0,83.0,81.0,92.0,197.0
1405,2018-06-18T15:45:00,185.0,6.359499871730804,87.375,8.0,0.0,0.0,0.0,136.0,114.0,99.0,86.0,79.0,78.0,81.0,83.0,81.0,266.0
1406,2018-06-18T15:50:00,175.0,12.396999835968018,88.07692307692308,73.0,0.0,0.0,0.0,185.0,136.0,114.0,99.0,86.0,79.0,78.0,81.0,83.0,227.0
1407,2018-06-18T15:55:00,197.0,11.269999861717226,89.10185185185185,46.0,0.0,0.0,0.0,175.0,185.0,136.0,114.0,99.0,86.0,79.0,78.0,81.0,240.0
1408,2018-06-18T16:00:00,266.0,9.90149986743927,88.1891891891892,41.0,0.0375,5.0,4.0,197.0,175.0,185.0,136.0,114.0,99.0,86.0,79.0,78.0,324.0
1409,2018-06-18T16:05:00,227.0,8.854999840259552,86.93693693693693,39.0,0.0375,0.0,0.0,266.0,197.0,175.0,185.0,136.0,114.0,99.0,86.0,79.0,267.0
1410,2018-06-18T16:10:00,240.0,6.117999911308289,83.32478632478633,12.0,0.0375,0.0,0.0,227.0,266.0,197.0,175.0,185.0,136.0,114.0,99.0,86.0,270.0
1411,2018-06-18T16:15:00,324.0,4.105500042438507,77.64912280701755,0.0,0.0375,0.0,0.0,240.0,227.0,266.0,197.0,175.0,185.0,136.0,114.0,99.0,346.0
1412,2018-06-18T16:20:00,267.0,4.266500055789948,78.23636363636363,0.0,0.0375,0.0,0.0,324.0,240.0,227.0,266.0,197.0,175.0,185.0,136.0,114.0,265.0
1413,2018-06-18T16:25:00,270.0,4.025000035762787,77.41025641025641,0.0,0.0375,0.0,0.0,267.0,324.0,240.0,227.0,266.0,197.0,175.0,185.0,136.0,260.0
1414,2018-06-18T16:30:00,346.0,4.105500042438507,76.2542372881356,0.0,0.0375,0.0,0.0,270.0,267.0,324.0,240.0,227.0,266.0,197.0,175.0,185.0,323.0
1415,2018-06-18T16:35:00,265.0,4.025000035762787,78.3801652892562,0.0,0.0375,0.0,0.0,346.0,270.0,267.0,324.0,240.0,227.0,266.0,197.0,175.0,251.0
1416,2018-06-18T16:40:00,260.0,4.025000035762787,79.14754098360656,0.0,0.0375,0.0,0.0,265.0,346.0,270.0,267.0,324.0,240.0,227.0,266.0,197.0,248.0
1417,2018-06-18T16:45:00,323.0,4.025000035762787,79.85365853658537,0.0,0.0375,0.0,0.0,260.0,265.0,346.0,270.0,267.0,324.0,240.0,227.0,266.0,299.0
1418,2018-06-18T16:50:00,251.0,5.151999890804291,84.6,0.0,0.0375,0.0,0.0,323.0,260.0,265.0,346.0,270.0,267.0,324.0,240.0,227.0,243.0
1419,2018-06-18T16:55:00,248.0,4.8299999833107,82.58823529411765,0.0,0.0375,0.0,0.0,251.0,323.0,260.0,265.0,346.0,270.0,267.0,324.0,240.0,240.0
1420,2018-06-18T17:00:00,299.0,4.266499996185303,80.82300884955752,0.0,0.0916666666666666,0.0,0.0,248.0,251.0,323.0,260.0,265.0,346.0,270.0,267.0,324.0,272.0
1421,2018-06-18T17:05:00,243.0,4.105500042438507,79.6890756302521,0.0,0.0916666666666666,0.0,0.0,299.0,248.0,251.0,323.0,260.0,265.0,346.0,270.0,267.0,232.0
1422,2018-06-18T17:10:00,240.0,4.025000035762787,79.8,0.0,0.0916666666666666,0.0,0.0,243.0,299.0,248.0,251.0,323.0,260.0,265.0,346.0,270.0,230.0
1423,2018-06-18T17:15:00,272.0,4.186000049114227,82.28571428571429,0.0,0.0916666666666666,0.0,0.0,240.0,243.0,299.0,248.0,251.0,323.0,260.0,265.0,346.0,248.0
1424,2018-06-18T17:20:00,232.0,4.025000035762787,80.33064516129032,0.0,0.0916666666666666,0.0,0.0,272.0,240.0,243.0,299.0,248.0,251.0,323.0,260.0,265.0,225.0
1425,2018-06-18T17:25:00,230.0,4.025000035762787,78.67796610169492,0.0,0.0916666666666666,0.0,0.0,232.0,272.0,240.0,243.0,299.0,248.0,251.0,323.0,260.0,223.0
1426,2018-06-18T17:30:00,248.0,4.025000035762787,79.91304347826087,0.0,0.0916666666666666,0.0,0.0,230.0,232.0,272.0,240.0,243.0,299.0,248.0,251.0,323.0,228.0
1427,2018-06-18T17:35:00,225.0,4.025000035762787,81.85483870967742,0.0,0.0916666666666666,0.0,0.0,248.0,230.0,232.0,272.0,240.0,243.0,299.0,248.0,251.0,221.0
1428,2018-06-18T17:40:00,223.0,4.025000035762787,81.05109489051095,0.0,0.0916666666666666,0.0,0.0,225.0,248.0,230.0,232.0,272.0,240.0,243.0,299.0,248.0,218.0
1429,2018-06-18T17:45:00,228.0,4.186000049114227,84.69117647058823,0.0,0.0916666666666666,0.0,0.0,223.0,225.0,248.0,230.0,232.0,272.0,240.0,243.0,299.0,257.0
1430,2018-06-18T17:50:00,221.0,4.025000035762787,83.57575757575758,0.0,0.0916666666666666,0.0,0.0,228.0,223.0,225.0,248.0,230.0,232.0,272.0,240.0,243.0,217.0
1431,2018-06-18T17:55:00,218.0,4.186000049114227,83.51492537313433,0.0,0.0916666666666666,0.0,0.0,221.0,228.0,223.0,225.0,248.0,230.0,232.0,272.0,240.0,210.0
1432,2018-06-18T18:00:00,257.0,4.910499930381775,89.41463414634147,0.0,0.0916666666666666,0.0,0.0,218.0,221.0,228.0,223.0,225.0,248.0,230.0,232.0,272.0,258.0
1433,2018-06-18T18:05:00,217.0,11.994499921798706,96.056,37.0,0.0916666666666666,0.0,0.0,257.0,218.0,221.0,228.0,223.0,225.0,248.0,230.0,232.0,206.0
1434,2018-06-18T18:10:00,210.0,12.87999987602234,105.54471544715447,11.0,0.0916666666666666,0.0,0.0,217.0,257.0,218.0,221.0,228.0,223.0,225.0,248.0,230.0,205.0
1435,2018-06-18T18:15:00,258.0,8.935499906539917,97.88288288288288,0.0,0.0916666666666666,0.0,0.0,210.0,217.0,257.0,218.0,221.0,228.0,223.0,225.0,248.0,258.0
1436,2018-06-18T18:20:00,206.0,4.668999969959259,83.59504132231405,0.0,0.0916666666666666,0.0,0.0,258.0,210.0,217.0,257.0,218.0,221.0,228.0,223.0,225.0,217.0
1437,2018-06-18T18:25:00,205.0,5.232499837875366,85.69298245614036,0.0,0.0916666666666666,0.0,0.0,206.0,258.0,210.0,217.0,257.0,218.0,221.0,228.0,223.0,223.0
1438,2018-06-18T18:30:00,258.0,7.969499826431274,87.00934579439253,7.0,0.0916666666666666,0.0,0.0,205.0,206.0,258.0,210.0,217.0,257.0,218.0,221.0,228.0,275.0
1439,2018-06-18T18:35:00,217.0,6.681500017642975,81.87394957983193,0.0,0.0916666666666666,0.0,0.0,258.0,205.0,206.0,258.0,210.0,217.0,257.0,218.0,221.0,214.0
1440,2018-06-18T18:40:00,223.0,6.43999981880188,87.17699115044248,0.0,0.0916666666666666,0.0,0.0,217.0,258.0,205.0,206.0,258.0,210.0,217.0,257.0,218.0,211.0
1441,2018-06-18T18:45:00,275.0,4.588500022888184,79.31896551724138,0.0,0.0916666666666666,0.0,0.0,223.0,217.0,258.0,205.0,206.0,258.0,210.0,217.0,257.0,267.0
1442,2018-06-18T18:50:00,214.0,10.303999900817873,76.5575221238938,22.0,0.0916666666666666,0.0,0.0,275.0,223.0,217.0,258.0,205.0,206.0,258.0,210.0,217.0,205.0
1443,2018-06-18T18:55:00,211.0,6.842499911785126,79.0,21.0,0.0916666666666666,0.0,0.0,214.0,275.0,223.0,217.0,258.0,205.0,206.0,258.0,210.0,198.0
1444,2018-06-18T19:00:00,267.0,6.842500030994415,81.3716814159292,9.0,0.075,0.5,0.0,211.0,214.0,275.0,223.0,217.0,258.0,205.0,206.0,258.0,242.0
1445,2018-06-18T19:05:00,205.0,8.693999767303467,86.88571428571429,20.0,0.075,0.0,0.0,267.0,211.0,214.0,275.0,223.0,217.0,258.0,205.0,206.0,183.0
1446,2018-06-18T19:10:00,198.0,5.956999957561493,82.8080808080808,0.0,0.075,0.0,0.0,205.0,267.0,211.0,214.0,275.0,223.0,217.0,258.0,205.0,176.0
1447,2018-06-18T19:15:00,242.0,5.957000017166139,77.53636363636363,24.0,0.075,0.0,0.0,198.0,205.0,267.0,211.0,214.0,275.0,223.0,217.0,258.0,217.0
1448,2018-06-18T19:20:00,183.0,5.634999990463257,78.84745762711864,14.0,0.075,0.0,0.0,242.0,198.0,205.0,267.0,211.0,214.0,275.0,223.0,217.0,170.0
1449,2018-06-18T19:25:00,176.0,7.003499925136566,74.85964912280701,0.0,0.075,0.0,0.0,183.0,242.0,198.0,205.0,267.0,211.0,214.0,275.0,223.0,163.0
1450,2018-06-18T19:30:00,217.0,6.842500030994415,75.78260869565217,19.0,0.075,0.0,0.0,176.0,183.0,242.0,198.0,205.0,267.0,211.0,214.0,275.0,191.0
1451,2018-06-18T19:35:00,170.0,6.117999851703644,83.08849557522124,10.0,0.075,0.0,0.0,217.0,176.0,183.0,242.0,198.0,205.0,267.0,211.0,214.0,144.0
1452,2018-06-18T19:40:00,163.0,4.588500022888184,84.14960629921259,0.0,0.075,0.0,0.0,170.0,217.0,176.0,183.0,242.0,198.0,205.0,267.0,211.0,144.0
1453,2018-06-18T19:45:00,191.0,4.266500055789948,73.83333333333333,0.0,0.075,0.0,0.0,163.0,170.0,217.0,176.0,183.0,242.0,198.0,205.0,267.0,151.0
1454,2018-06-18T19:50:00,144.0,5.956999897956848,80.51041666666667,0.0,0.075,0.0,0.0,191.0,163.0,170.0,217.0,176.0,183.0,242.0,198.0,205.0,130.0
1455,2018-06-18T19:55:00,144.0,9.015999972820282,86.55555555555556,37.0,0.075,0.0,0.0,144.0,191.0,163.0,170.0,217.0,176.0,183.0,242.0,198.0,121.0
1456,2018-06-18T20:00:00,151.0,6.8424999713897705,80.51612903225806,9.0,0.075,0.0,0.0,144.0,144.0,191.0,163.0,170.0,217.0,176.0,183.0,242.0,131.0
1457,2018-06-18T20:05:00,130.0,8.53299993276596,99.5241935483871,0.0,0.075,0.0,0.0,151.0,144.0,144.0,191.0,163.0,170.0,217.0,176.0,183.0,109.0
1458,2018-06-18T20:10:00,121.0,8.37199991941452,84.16788321167883,17.0,0.075,0.0,0.0,130.0,151.0,144.0,144.0,191.0,163.0,170.0,217.0,176.0,96.0
1459,2018-06-18T20:15:00,131.0,19.239500045776367,113.0608695652174,116.0,0.075,0.0,0.0,121.0,130.0,151.0,144.0,144.0,191.0,163.0,170.0,217.0,92.0
1460,2018-06-18T20:20:00,109.0,13.041000127792357,104.50943396226415,43.0,0.075,0.0,0.0,131.0,121.0,130.0,151.0,144.0,144.0,191.0,163.0,170.0,87.0
1461,2018-06-18T20:25:00,96.0,8.049999892711641,90.904,26.0,0.075,0.0,0.0,109.0,131.0,121.0,130.0,151.0,144.0,144.0,191.0,163.0,86.0
1462,2018-06-18T20:30:00,92.0,4.025000035762787,74.93859649122807,0.0,0.075,0.0,0.0,96.0,109.0,131.0,121.0,130.0,151.0,144.0,144.0,191.0,102.0
1463,2018-06-18T20:35:00,87.0,6.681500017642975,73.54782608695652,36.0,0.075,0.0,0.0,92.0,96.0,109.0,131.0,121.0,130.0,151.0,144.0,144.0,100.0
1464,2018-06-18T20:40:00,86.0,4.186000049114227,74.21311475409836,0.0,0.075,0.0,0.0,87.0,92.0,96.0,109.0,131.0,121.0,130.0,151.0,144.0,107.0
1465,2018-06-18T20:45:00,102.0,4.025000035762787,75.08,0.0,0.075,0.0,0.0,86.0,87.0,92.0,96.0,109.0,131.0,121.0,130.0,151.0,143.0
1466,2018-06-18T20:50:00,100.0,4.186000049114227,73.99166666666666,0.0,0.075,0.0,0.0,102.0,86.0,87.0,92.0,96.0,109.0,131.0,121.0,130.0,123.0
1467,2018-06-18T20:55:00,107.0,4.025000035762787,67.64227642276423,0.0,0.075,0.0,0.0,100.0,102.0,86.0,87.0,92.0,96.0,109.0,131.0,121.0,119.0
1468,2018-06-18T21:00:00,143.0,4.266500055789948,70.73275862068965,0.0,0.0583333333333333,0.0,0.0,107.0,100.0,102.0,86.0,87.0,92.0,96.0,109.0,131.0,152.0
1469,2018-06-18T21:05:00,123.0,10.706499874591827,78.99074074074075,72.0,0.0583333333333333,0.0,0.0,143.0,107.0,100.0,102.0,86.0,87.0,92.0,96.0,109.0,104.0
1470,2018-06-18T21:10:00,119.0,9.17699992656708,79.98148148148148,52.0,0.0583333333333333,0.0,0.0,123.0,143.0,107.0,100.0,102.0,86.0,87.0,92.0,96.0,99.0
1471,2018-06-18T21:15:00,152.0,8.371999859809875,81.28571428571429,10.0,0.0583333333333333,0.0,0.0,119.0,123.0,143.0,107.0,100.0,102.0,86.0,87.0,92.0,126.0
1472,2018-06-18T21:20:00,104.0,6.681500017642975,80.92035398230088,15.0,0.0583333333333333,3.0,3.0,152.0,119.0,123.0,143.0,107.0,100.0,102.0,86.0,87.0,101.0
1473,2018-06-18T21:25:00,99.0,5.393500030040741,80.54310344827586,0.0,0.0583333333333333,0.0,0.0,104.0,152.0,119.0,123.0,143.0,107.0,100.0,102.0,86.0,104.0
1474,2018-06-18T21:30:00,126.0,4.186000049114227,80.14285714285714,0.0,0.0583333333333333,0.0,0.0,99.0,104.0,152.0,119.0,123.0,143.0,107.0,100.0,102.0,139.0
1475,2018-06-18T21:35:00,101.0,4.105500042438507,76.4274193548387,0.0,0.0583333333333333,0.0,0.0,126.0,99.0,104.0,152.0,119.0,123.0,143.0,107.0,100.0,114.0
1476,2018-06-18T21:40:00,104.0,7.083999872207642,81.70833333333333,14.0,0.0583333333333333,0.0,0.0,101.0,126.0,99.0,104.0,152.0,119.0,123.0,143.0,107.0,118.0
1477,2018-06-18T21:45:00,139.0,5.715499937534332,81.11304347826086,8.0,0.0583333333333333,0.0,0.0,104.0,101.0,126.0,99.0,104.0,152.0,119.0,123.0,143.0,162.0
1478,2018-06-18T21:50:00,114.0,9.74049973487854,81.43243243243244,34.0,0.0583333333333333,0.0,0.0,139.0,104.0,101.0,126.0,99.0,104.0,152.0,119.0,123.0,121.0
1479,2018-06-18T21:55:00,118.0,10.947999835014343,79.0,71.0,0.0583333333333333,0.0,0.0,114.0,139.0,104.0,101.0,126.0,99.0,104.0,152.0,119.0,121.0
1480,2018-06-18T22:00:00,162.0,10.14299988746643,78.32432432432432,46.0,0.0583333333333333,0.0,0.0,118.0,114.0,139.0,104.0,101.0,126.0,99.0,104.0,152.0,152.0
1481,2018-06-18T22:05:00,121.0,9.096499919891356,95.02678571428572,15.0,0.0583333333333333,0.0,0.0,162.0,118.0,114.0,139.0,104.0,101.0,126.0,99.0,104.0,114.0
1482,2018-06-18T22:10:00,121.0,16.42200016975403,109.97391304347826,85.0,0.0583333333333333,0.0,0.0,121.0,162.0,118.0,114.0,139.0,104.0,101.0,126.0,99.0,107.0
1483,2018-06-18T22:15:00,152.0,13.443500161170958,105.45945945945944,34.0,0.0583333333333333,0.0,0.0,121.0,121.0,162.0,118.0,114.0,139.0,104.0,101.0,126.0,124.0
1484,2018-06-18T22:20:00,114.0,7.003499925136566,96.7563025210084,0.0,0.0583333333333333,0.0,0.0,152.0,121.0,121.0,162.0,118.0,114.0,139.0,104.0,101.0,94.0
1485,2018-06-18T22:25:00,107.0,9.096499919891356,96.52678571428572,41.0,0.0583333333333333,0.0,0.0,114.0,152.0,121.0,121.0,162.0,118.0,114.0,139.0,104.0,87.0
1486,2018-06-18T22:30:00,124.0,15.053500175476074,101.8135593220339,91.0,0.0583333333333333,0.0,0.0,107.0,114.0,152.0,121.0,121.0,162.0,118.0,114.0,139.0,92.0
1487,2018-06-18T22:35:00,94.0,15.295000314712524,104.02608695652174,54.0,0.0583333333333333,0.0,0.0,124.0,107.0,114.0,152.0,121.0,121.0,162.0,118.0,114.0,79.0
1488,2018-06-18T22:40:00,87.0,10.545499801635742,87.74015748031496,68.0,0.0583333333333333,0.0,0.0,94.0,124.0,107.0,114.0,152.0,121.0,121.0,162.0,118.0,76.0
1489,2018-06-18T22:45:00,92.0,4.668999969959259,83.69747899159664,0.0,0.0583333333333333,0.0,0.0,87.0,94.0,124.0,107.0,114.0,152.0,121.0,121.0,162.0,75.0
1490,2018-06-18T22:50:00,79.0,6.359499990940095,91.43478260869566,0.0,0.0583333333333333,0.0,0.0,92.0,87.0,94.0,124.0,107.0,114.0,152.0,121.0,121.0,78.0
1491,2018-06-18T22:55:00,76.0,4.347000062465668,81.46280991735537,0.0,0.0,0.0,0.0,79.0,92.0,87.0,94.0,124.0,107.0,114.0,152.0,121.0,78.0
1492,2018-06-18T23:00:00,75.0,4.105500042438507,80.84821428571429,0.0,0.0,0.0,0.0,76.0,79.0,92.0,87.0,94.0,124.0,107.0,114.0,152.0,77.0
1493,2018-06-18T23:05:00,78.0,4.669000029563904,82.03669724770643,0.0,0.0,0.0,0.0,75.0,76.0,79.0,92.0,87.0,94.0,124.0,107.0,114.0,76.66666666666667
1494,2018-06-18T23:10:00,78.0,4.427500009536743,81.6574074074074,0.0,0.0,0.0,0.0,78.0,75.0,76.0,79.0,92.0,87.0,94.0,124.0,107.0,76.33333333333333
1495,2018-06-18T23:15:00,77.0,4.588500082492828,83.44444444444444,0.0,0.0,0.0,0.0,78.0,78.0,75.0,76.0,79.0,92.0,87.0,94.0,124.0,76.0
1496,2018-06-18T23:20:00,76.66666666666667,4.427500069141388,81.825,0.0,0.0,0.0,0.0,77.0,78.0,78.0,75.0,76.0,79.0,92.0,87.0,94.0,73.66666666666667
1497,2018-06-18T23:25:00,76.33333333333333,4.668999969959259,82.67424242424242,0.0,0.0,0.0,0.0,76.66666666666667,77.0,78.0,78.0,75.0,76.0,79.0,92.0,87.0,71.33333333333333
1498,2018-06-18T23:30:00,76.0,4.910499930381775,82.60330578512396,0.0,0.0,0.0,0.0,76.33333333333333,76.66666666666667,77.0,78.0,78.0,75.0,76.0,79.0,92.0,69.0
1499,2018-06-18T23:35:00,73.66666666666667,4.830000102519989,86.7479674796748,0.0,0.0,0.0,0.0,76.0,76.33333333333333,76.66666666666667,77.0,78.0,78.0,75.0,76.0,79.0,75.66666666666667
1500,2018-06-18T23:40:00,71.33333333333333,4.830000102519989,86.41666666666667,0.0,0.0,0.0,0.0,73.66666666666667,76.0,76.33333333333333,76.66666666666667,77.0,78.0,78.0,75.0,76.0,82.33333333333333
1501,2018-06-18T23:45:00,69.0,6.278999924659729,88.91596638655462,0.0,0.0,0.0,0.0,71.33333333333333,73.66666666666667,76.0,76.33333333333333,76.66666666666667,77.0,78.0,78.0,75.0,89.0
1502,2018-06-18T23:50:00,75.66666666666667,4.186000049114227,86.64925373134328,0.0,0.0,0.0,0.0,69.0,71.33333333333333,73.66666666666667,76.0,76.33333333333333,76.66666666666667,77.0,78.0,78.0,85.0
1503,2018-06-18T23:55:00,82.33333333333333,4.186000049114227,85.5925925925926,0.0,0.0,0.0,0.0,75.66666666666667,69.0,71.33333333333333,73.66666666666667,76.0,76.33333333333333,76.66666666666667,77.0,78.0,81.0
1504,2018-06-19T00:00:00,89.0,4.025000035762787,82.00111557340473,0.0,0.0,0.0,0.0,82.33333333333333,75.66666666666667,69.0,71.33333333333333,73.66666666666667,76.0,76.33333333333333,76.66666666666667,77.0,77.0
1505,2018-06-19T00:05:00,85.0,4.025000035762787,78.40963855421687,0.0,0.0,0.0,0.0,89.0,82.33333333333333,75.66666666666667,69.0,71.33333333333333,73.66666666666667,76.0,76.33333333333333,76.66666666666667,74.33333333333333
1506,2018-06-19T00:10:00,81.0,5.3130000829696655,77.31932773109244,6.0,0.0,0.0,0.0,85.0,89.0,82.33333333333333,75.66666666666667,69.0,71.33333333333333,73.66666666666667,76.0,76.33333333333333,71.66666666666667
1507,2018-06-19T00:15:00,77.0,4.025000035762787,77.0495867768595,0.0,0.0,0.0,0.0,81.0,85.0,89.0,82.33333333333333,75.66666666666667,69.0,71.33333333333333,73.66666666666667,76.0,69.0
1508,2018-06-19T00:20:00,74.33333333333333,4.186000049114227,74.83185840707965,0.0,0.0,0.0,0.0,77.0,81.0,85.0,89.0,82.33333333333333,75.66666666666667,69.0,71.33333333333333,73.66666666666667,70.33333333333333
1509,2018-06-19T00:25:00,71.66666666666667,4.025000035762787,73.82203389830508,0.0,0.0,0.0,0.0,74.33333333333333,77.0,81.0,85.0,89.0,82.33333333333333,75.66666666666667,69.0,71.33333333333333,71.66666666666667
1510,2018-06-19T00:30:00,69.0,4.025000035762787,71.77685950413223,0.0,0.0,0.0,0.0,71.66666666666667,74.33333333333333,77.0,81.0,85.0,89.0,82.33333333333333,75.66666666666667,69.0,73.0
1511,2018-06-19T00:35:00,70.33333333333333,4.025000035762787,74.30252100840336,0.0,0.0,0.0,0.0,69.0,71.66666666666667,74.33333333333333,77.0,81.0,85.0,89.0,82.33333333333333,75.66666666666667,75.0
1512,2018-06-19T00:40:00,71.66666666666667,4.025000035762787,72.765625,0.0,0.0,0.0,0.0,70.33333333333333,69.0,71.66666666666667,74.33333333333333,77.0,81.0,85.0,89.0,82.33333333333333,77.0
1513,2018-06-19T00:45:00,73.0,4.025000035762787,71.76859504132231,0.0,0.0,0.0,0.0,71.66666666666667,70.33333333333333,69.0,71.66666666666667,74.33333333333333,77.0,81.0,85.0,89.0,79.0
1514,2018-06-19T00:50:00,75.0,4.025000035762787,72.15254237288136,0.0,0.0,0.0,0.0,73.0,71.66666666666667,70.33333333333333,69.0,71.66666666666667,74.33333333333333,77.0,81.0,85.0,84.66666666666667
1515,2018-06-19T00:55:00,77.0,4.025000035762787,74.38095238095238,0.0,0.0708333333333333,0.0,0.0,75.0,73.0,71.66666666666667,70.33333333333333,69.0,71.66666666666667,74.33333333333333,77.0,81.0,90.33333333333331
1516,2018-06-19T01:00:00,79.0,4.105500042438507,77.21186440677967,0.0,0.0708333333333333,0.0,0.0,77.0,75.0,73.0,71.66666666666667,70.33333333333333,69.0,71.66666666666667,74.33333333333333,77.0,96.0
1517,2018-06-19T01:05:00,84.66666666666667,4.105500042438507,77.02479338842976,0.0,0.0708333333333333,0.0,0.0,79.0,77.0,75.0,73.0,71.66666666666667,70.33333333333333,69.0,71.66666666666667,74.33333333333333,99.0
1518,2018-06-19T01:10:00,90.33333333333331,5.152000069618225,75.91803278688525,4.0,0.0708333333333333,0.0,0.0,84.66666666666667,79.0,77.0,75.0,73.0,71.66666666666667,70.33333333333333,69.0,71.66666666666667,102.0
1519,2018-06-19T01:15:00,96.0,4.025000035762787,77.609375,0.0,0.0708333333333333,0.0,0.0,90.33333333333331,84.66666666666667,79.0,77.0,75.0,73.0,71.66666666666667,70.33333333333333,69.0,105.0
1520,2018-06-19T01:20:00,99.0,4.025000035762787,78.32520325203252,0.0,0.0708333333333333,0.0,0.0,96.0,90.33333333333331,84.66666666666667,79.0,77.0,75.0,73.0,71.66666666666667,70.33333333333333,120.0
1521,2018-06-19T01:25:00,102.0,4.025000035762787,78.3305785123967,0.0,0.0708333333333333,0.0,0.0,99.0,96.0,90.33333333333331,84.66666666666667,79.0,77.0,75.0,73.0,71.66666666666667,135.0
1522,2018-06-19T01:30:00,105.0,4.507999956607819,81.06557377049181,0.0,0.0708333333333333,0.0,0.0,102.0,99.0,96.0,90.33333333333331,84.66666666666667,79.0,77.0,75.0,73.0,150.0
1523,2018-06-19T01:35:00,120.0,4.025000035762787,78.77477477477477,0.0,0.0708333333333333,0.0,0.0,105.0,102.0,99.0,96.0,90.33333333333331,84.66666666666667,79.0,77.0,75.0,173.5
1524,2018-06-19T01:40:00,135.0,4.105500042438507,75.8984375,0.0,0.0708333333333333,0.0,0.0,120.0,105.0,102.0,99.0,96.0,90.33333333333331,84.66666666666667,79.0,77.0,197.0
1525,2018-06-19T01:45:00,150.0,4.025000035762787,75.54918032786885,0.0,0.0708333333333333,0.0,0.0,135.0,120.0,105.0,102.0,99.0,96.0,90.33333333333331,84.66666666666667,79.0,204.0
1526,2018-06-19T01:50:00,173.5,4.025000035762787,75.00869565217391,0.0,0.0708333333333333,0.0,0.0,150.0,135.0,120.0,105.0,102.0,99.0,96.0,90.33333333333331,84.66666666666667,207.0
1527,2018-06-19T01:55:00,197.0,4.025000035762787,74.71212121212122,0.0,0.0708333333333333,0.0,0.0,173.5,150.0,135.0,120.0,105.0,102.0,99.0,96.0,90.33333333333331,210.0
1528,2018-06-19T02:00:00,204.0,4.347000062465668,76.6,0.0,0.0708333333333333,0.0,0.0,197.0,173.5,150.0,135.0,120.0,105.0,102.0,99.0,96.0,236.0
1529,2018-06-19T02:05:00,207.0,4.025000035762787,70.09322033898304,0.0,0.0708333333333333,0.0,0.0,204.0,197.0,173.5,150.0,135.0,120.0,105.0,102.0,99.0,210.0
1530,2018-06-19T02:10:00,210.0,4.025000035762787,68.09473684210526,0.0,0.0708333333333333,0.0,0.0,207.0,204.0,197.0,173.5,150.0,135.0,120.0,105.0,102.0,210.0
1531,2018-06-19T02:15:00,236.0,4.025000035762787,69.9112645623213,0.0,0.0708333333333333,0.0,0.0,210.0,207.0,204.0,197.0,173.5,150.0,135.0,120.0,105.0,212.0
1532,2018-06-19T02:20:00,210.0,4.105500042438507,70.23275862068965,0.0,0.0708333333333333,0.0,0.0,236.0,210.0,207.0,204.0,197.0,173.5,150.0,135.0,120.0,207.0
1533,2018-06-19T02:25:00,210.0,4.025000035762787,66.8141592920354,0.0,0.0708333333333333,0.0,0.0,210.0,236.0,210.0,207.0,204.0,197.0,173.5,150.0,135.0,204.0
1534,2018-06-19T02:30:00,212.0,4.025000035762787,65.0703125,0.0,0.0708333333333333,0.0,0.0,210.0,210.0,236.0,210.0,207.0,204.0,197.0,173.5,150.0,172.0
1535,2018-06-19T02:35:00,207.0,4.025000035762787,62.11678832116788,0.0,0.0708333333333333,0.0,0.0,212.0,210.0,210.0,236.0,210.0,207.0,204.0,197.0,173.5,195.0
1536,2018-06-19T02:40:00,204.0,4.025000035762787,62.53043478260869,0.0,0.0708333333333333,0.0,0.0,207.0,212.0,210.0,210.0,236.0,210.0,207.0,204.0,197.0,191.0
1537,2018-06-19T02:45:00,172.0,4.025000035762787,65.48780487804878,0.0,0.0708333333333333,0.0,0.0,204.0,207.0,212.0,210.0,210.0,236.0,210.0,207.0,204.0,148.0
1538,2018-06-19T02:50:00,195.0,4.025000035762787,65.21428571428571,0.0,0.0708333333333333,0.0,0.0,172.0,204.0,207.0,212.0,210.0,210.0,236.0,210.0,207.0,184.0
1539,2018-06-19T02:55:00,191.0,4.025000035762787,65.95495495495496,0.0,0.0708333333333333,0.0,0.0,195.0,172.0,204.0,207.0,212.0,210.0,210.0,236.0,210.0,181.0
1540,2018-06-19T03:00:00,148.0,4.025000035762787,68.86111111111111,0.0,0.0541666666666666,0.0,0.0,191.0,195.0,172.0,204.0,207.0,212.0,210.0,210.0,236.0,142.0
1541,2018-06-19T03:05:00,184.0,4.025000035762787,69.30357142857143,0.0,0.0541666666666666,0.0,0.0,148.0,191.0,195.0,172.0,204.0,207.0,212.0,210.0,210.0,172.0
1542,2018-06-19T03:10:00,181.0,4.025000035762787,72.90434782608696,0.0,0.0541666666666666,0.0,0.0,184.0,148.0,191.0,195.0,172.0,204.0,207.0,212.0,210.0,167.0
1543,2018-06-19T03:15:00,142.0,4.025000035762787,69.10743801652893,0.0,0.0541666666666666,0.0,0.0,181.0,184.0,148.0,191.0,195.0,172.0,204.0,207.0,212.0,141.0
1544,2018-06-19T03:20:00,172.0,4.025000035762787,65.66101694915254,0.0,0.0541666666666666,0.0,0.0,142.0,181.0,184.0,148.0,191.0,195.0,172.0,204.0,207.0,158.0
1545,2018-06-19T03:25:00,167.0,4.025000035762787,66.10619469026548,0.0,0.0541666666666666,0.0,0.0,172.0,142.0,181.0,184.0,148.0,191.0,195.0,172.0,204.0,154.0
1546,2018-06-19T03:30:00,141.0,4.025000035762787,65.39449541284404,0.0,0.0541666666666666,0.0,0.0,167.0,172.0,142.0,181.0,184.0,148.0,191.0,195.0,172.0,135.0
1547,2018-06-19T03:35:00,158.0,4.025000035762787,64.28703703703704,0.0,0.0541666666666666,0.0,0.0,141.0,167.0,172.0,142.0,181.0,184.0,148.0,191.0,195.0,147.0
1548,2018-06-19T03:40:00,154.0,4.025000035762787,64.64285714285714,0.0,0.0541666666666666,0.0,0.0,158.0,141.0,167.0,172.0,142.0,181.0,184.0,148.0,191.0,144.0
1549,2018-06-19T03:45:00,135.0,4.025000035762787,64.58181818181818,0.0,0.0541666666666666,0.0,0.0,154.0,158.0,141.0,167.0,172.0,142.0,181.0,184.0,148.0,112.0
1550,2018-06-19T03:50:00,147.0,4.025000035762787,65.5925925925926,0.0,0.0541666666666666,0.0,0.0,135.0,154.0,158.0,141.0,167.0,172.0,142.0,181.0,184.0,136.0
1551,2018-06-19T03:55:00,144.0,4.025000035762787,67.49606299212599,0.0,0.0541666666666666,0.0,0.0,147.0,135.0,154.0,158.0,141.0,167.0,172.0,142.0,181.0,132.0
1552,2018-06-19T04:00:00,112.0,4.025000035762787,63.56818181818182,0.0,0.0541666666666666,0.0,0.0,144.0,147.0,135.0,154.0,158.0,141.0,167.0,172.0,142.0,92.0
1553,2018-06-19T04:05:00,136.0,4.025000035762787,63.02521008403362,0.0,0.0541666666666666,0.0,0.0,112.0,144.0,147.0,135.0,154.0,158.0,141.0,167.0,172.0,125.0
1554,2018-06-19T04:10:00,132.0,4.025000035762787,63.09243697478992,0.0,0.0541666666666666,0.0,0.0,136.0,112.0,144.0,147.0,135.0,154.0,158.0,141.0,167.0,121.0
1555,2018-06-19T04:15:00,92.0,4.025000035762787,59.85833333333333,0.0,0.0541666666666666,0.0,0.0,132.0,136.0,112.0,144.0,147.0,135.0,154.0,158.0,141.0,83.0
1556,2018-06-19T04:20:00,125.0,4.025000035762787,60.70588235294117,0.0,0.0541666666666666,0.0,0.0,92.0,132.0,136.0,112.0,144.0,147.0,135.0,154.0,158.0,114.0
1557,2018-06-19T04:25:00,121.0,4.025000035762787,60.95522388059702,0.0,0.0541666666666666,0.0,0.0,125.0,92.0,132.0,136.0,112.0,144.0,147.0,135.0,154.0,111.0
1558,2018-06-19T04:30:00,83.0,4.025000035762787,60.08064516129032,0.0,0.0541666666666666,0.0,0.0,121.0,125.0,92.0,132.0,136.0,112.0,144.0,147.0,135.0,72.0
1559,2018-06-19T04:35:00,114.0,4.025000035762787,61.23275862068966,0.0,0.0541666666666666,0.0,0.0,83.0,121.0,125.0,92.0,132.0,136.0,112.0,144.0,147.0,98.0
1560,2018-06-19T04:40:00,111.0,4.025000035762787,60.79831932773109,0.0,0.0541666666666666,0.0,0.0,114.0,83.0,121.0,125.0,92.0,132.0,136.0,112.0,144.0,93.0
1561,2018-06-19T04:45:00,72.0,4.105500042438507,61.39823008849557,0.0,0.0541666666666666,0.0,0.0,111.0,114.0,83.0,121.0,125.0,92.0,132.0,136.0,112.0,93.0
1562,2018-06-19T04:50:00,98.0,5.3130000829696655,66.71818181818182,6.0,0.0541666666666666,0.0,0.0,72.0,111.0,114.0,83.0,121.0,125.0,92.0,132.0,136.0,96.0
1563,2018-06-19T04:55:00,93.0,4.105500042438507,64.70588235294117,0.0,0.0541666666666666,0.0,0.0,98.0,72.0,111.0,114.0,83.0,121.0,125.0,92.0,132.0,101.0
1564,2018-06-19T05:00:00,93.0,4.025000035762787,62.08130081300813,0.0,0.0416666666666666,0.0,0.0,93.0,98.0,72.0,111.0,114.0,83.0,121.0,125.0,92.0,113.0
1565,2018-06-19T05:05:00,96.0,4.105500042438507,64.3409090909091,0.0,0.0416666666666666,0.0,0.0,93.0,93.0,98.0,72.0,111.0,114.0,83.0,121.0,125.0,115.0
1566,2018-06-19T05:10:00,101.0,4.025000035762787,66.25,0.0,0.0416666666666666,0.0,0.0,96.0,93.0,93.0,98.0,72.0,111.0,114.0,83.0,121.0,118.0
1567,2018-06-19T05:15:00,113.0,4.025000035762787,66.7948717948718,0.0,0.0416666666666666,0.0,0.0,101.0,96.0,93.0,93.0,98.0,72.0,111.0,114.0,83.0,123.0
1568,2018-06-19T05:20:00,115.0,4.025000035762787,66.5126050420168,0.0,0.0416666666666666,0.0,0.0,113.0,101.0,96.0,93.0,93.0,98.0,72.0,111.0,114.0,114.0
1569,2018-06-19T05:25:00,118.0,4.025000035762787,64.32142857142857,0.0,0.0416666666666666,0.0,0.0,115.0,113.0,101.0,96.0,93.0,93.0,98.0,72.0,111.0,115.0
1570,2018-06-19T05:30:00,123.0,4.105500042438507,65.08,0.0,0.0416666666666666,0.0,0.0,118.0,115.0,113.0,101.0,96.0,93.0,93.0,98.0,72.0,115.0
1571,2018-06-19T05:35:00,114.0,4.025000035762787,62.48780487804878,0.0,0.0416666666666666,0.0,0.0,123.0,118.0,115.0,113.0,101.0,96.0,93.0,93.0,98.0,118.0
1572,2018-06-19T05:40:00,115.0,4.025000035762787,64.1896551724138,0.0,0.0416666666666666,0.0,0.0,114.0,123.0,118.0,115.0,113.0,101.0,96.0,93.0,93.0,119.0
1573,2018-06-19T05:45:00,115.0,4.025000035762787,66.04273504273505,0.0,0.0416666666666666,0.0,0.0,115.0,114.0,123.0,118.0,115.0,113.0,101.0,96.0,93.0,111.0
1574,2018-06-19T05:50:00,118.0,4.025000035762787,67.234375,0.0,0.0416666666666666,0.0,0.0,115.0,115.0,114.0,123.0,118.0,115.0,113.0,101.0,96.0,129.0
1575,2018-06-19T05:55:00,119.0,4.025000035762787,65.12213740458016,0.0,0.0416666666666666,0.0,0.0,118.0,115.0,115.0,114.0,123.0,118.0,115.0,113.0,101.0,139.0
1576,2018-06-19T06:00:00,111.0,4.025000035762787,62.44961240310077,0.0,0.0416666666666666,0.0,0.0,119.0,118.0,115.0,115.0,114.0,123.0,118.0,115.0,113.0,118.0
1577,2018-06-19T06:05:00,129.0,4.105500042438507,65.1830985915493,0.0,0.0416666666666666,0.0,0.0,111.0,119.0,118.0,115.0,115.0,114.0,123.0,118.0,115.0,141.0
1578,2018-06-19T06:10:00,139.0,8.69400006532669,65.74418604651163,72.0,0.0416666666666666,0.0,0.0,129.0,111.0,119.0,118.0,115.0,115.0,114.0,123.0,118.0,136.0
1579,2018-06-19T06:15:00,118.0,4.025000035762787,59.43333333333333,0.0,0.0416666666666666,0.0,0.0,139.0,129.0,111.0,119.0,118.0,115.0,115.0,114.0,123.0,126.0
1580,2018-06-19T06:20:00,141.0,4.025000035762787,59.15178571428572,0.0,0.0416666666666666,0.0,0.0,118.0,139.0,129.0,111.0,119.0,118.0,115.0,115.0,114.0,131.0
1581,2018-06-19T06:25:00,136.0,4.025000035762787,59.00869565217391,0.0,0.0416666666666666,0.0,0.0,141.0,118.0,139.0,129.0,111.0,119.0,118.0,115.0,115.0,130.0
1582,2018-06-19T06:30:00,126.0,4.025000035762787,60.68181818181818,0.0,0.0416666666666666,0.0,0.0,136.0,141.0,118.0,139.0,129.0,111.0,119.0,118.0,115.0,120.0
1583,2018-06-19T06:35:00,131.0,4.025000035762787,62.85714285714285,0.0,0.0416666666666666,0.0,0.0,126.0,136.0,141.0,118.0,139.0,129.0,111.0,119.0,118.0,127.0
1584,2018-06-19T06:40:00,130.0,4.186000049114227,63.40845070422535,0.0,0.0416666666666666,0.0,0.0,131.0,126.0,136.0,141.0,118.0,139.0,129.0,111.0,119.0,125.0
1585,2018-06-19T06:45:00,120.0,4.025000035762787,61.86725663716814,0.0,0.0416666666666666,0.0,0.0,130.0,131.0,126.0,136.0,141.0,118.0,139.0,129.0,111.0,111.0
1586,2018-06-19T06:50:00,127.0,4.025000035762787,59.91525423728814,0.0,0.0416666666666666,0.0,0.0,120.0,130.0,131.0,126.0,136.0,141.0,118.0,139.0,129.0,124.0
1587,2018-06-19T06:55:00,125.0,4.025000035762787,58.43589743589744,0.0,0.0416666666666666,0.0,0.0,127.0,120.0,130.0,131.0,126.0,136.0,141.0,118.0,139.0,124.0
1588,2018-06-19T07:00:00,111.0,4.025000035762787,58.15573770491803,0.0,0.0416666666666666,0.0,0.0,125.0,127.0,120.0,130.0,131.0,126.0,136.0,141.0,118.0,106.0
1589,2018-06-19T07:05:00,124.0,4.025000035762787,58.46825396825397,0.0,0.0416666666666666,0.0,0.0,111.0,125.0,127.0,120.0,130.0,131.0,126.0,136.0,141.0,118.0
1590,2018-06-19T07:10:00,124.0,4.025000035762787,59.23529411764706,0.0,0.0416666666666666,0.0,0.0,124.0,111.0,125.0,127.0,120.0,130.0,131.0,126.0,136.0,113.0
1591,2018-06-19T07:15:00,106.0,4.025000035762787,58.59166666666667,0.0,0.0416666666666666,0.0,0.0,124.0,124.0,111.0,125.0,127.0,120.0,130.0,131.0,126.0,94.0
1592,2018-06-19T07:20:00,118.0,4.025000035762787,58.19672131147541,0.0,0.0416666666666666,0.0,0.0,106.0,124.0,124.0,111.0,125.0,127.0,120.0,130.0,131.0,109.0
1593,2018-06-19T07:25:00,113.0,4.025000035762787,61.609022556390975,0.0,0.0416666666666666,0.0,0.0,118.0,106.0,124.0,124.0,111.0,125.0,127.0,120.0,130.0,108.0
1594,2018-06-19T07:30:00,94.0,4.025000035762787,61.30434782608695,0.0,0.0416666666666666,0.0,0.0,113.0,118.0,106.0,124.0,124.0,111.0,125.0,127.0,120.0,84.0
1595,2018-06-19T07:35:00,109.0,4.025000035762787,59.87931034482759,0.0,0.0416666666666666,0.0,0.0,94.0,113.0,118.0,106.0,124.0,124.0,111.0,125.0,127.0,104.0
1596,2018-06-19T07:40:00,108.0,4.025000035762787,62.18253968253968,0.0,0.0416666666666666,0.0,0.0,109.0,94.0,113.0,118.0,106.0,124.0,124.0,111.0,125.0,102.0
1597,2018-06-19T07:45:00,84.0,4.025000035762787,62.5546875,0.0,0.0416666666666666,0.0,0.0,108.0,109.0,94.0,113.0,118.0,106.0,124.0,124.0,111.0,84.0
1598,2018-06-19T07:50:00,104.0,4.025000035762787,61.1937984496124,0.0,0.0416666666666666,0.0,0.0,84.0,108.0,109.0,94.0,113.0,118.0,106.0,124.0,124.0,98.0
1599,2018-06-19T07:55:00,102.0,4.025000035762787,62.19491525423729,0.0,0.0416666666666666,0.0,0.0,104.0,84.0,108.0,109.0,94.0,113.0,118.0,106.0,124.0,97.0
1600,2018-06-19T08:00:00,84.0,4.025000035762787,65.31967213114754,0.0,0.0416666666666666,0.0,0.0,102.0,104.0,84.0,108.0,109.0,94.0,113.0,118.0,106.0,85.0
1601,2018-06-19T08:05:00,98.0,4.105500042438507,61.10948905109489,0.0,0.0416666666666666,0.0,0.0,84.0,102.0,104.0,84.0,108.0,109.0,94.0,113.0,118.0,97.0
1602,2018-06-19T08:10:00,97.0,4.025000035762787,58.114754098360656,0.0,0.0416666666666666,0.0,0.0,98.0,84.0,102.0,104.0,84.0,108.0,109.0,94.0,113.0,98.0
1603,2018-06-19T08:15:00,85.0,4.025000035762787,56.68333333333333,0.0,0.0416666666666666,0.0,0.0,97.0,98.0,84.0,102.0,104.0,84.0,108.0,109.0,94.0,82.0
1604,2018-06-19T08:20:00,97.0,4.025000035762787,57.540983606557376,0.0,0.0416666666666666,0.0,0.0,85.0,97.0,98.0,84.0,102.0,104.0,84.0,108.0,109.0,96.0
1605,2018-06-19T08:25:00,98.0,4.025000035762787,58.36764705882353,0.0,0.0416666666666666,0.0,0.0,97.0,85.0,97.0,98.0,84.0,102.0,104.0,84.0,108.0,95.0
1606,2018-06-19T08:30:00,82.0,4.266499996185303,98.47368421052632,0.0,0.0416666666666666,0.0,0.0,98.0,97.0,85.0,97.0,98.0,84.0,102.0,104.0,84.0,79.0
1607,2018-06-19T08:35:00,96.0,4.025000035762787,66.23076923076923,0.0,0.0416666666666666,0.0,0.0,82.0,98.0,97.0,85.0,97.0,98.0,84.0,102.0,104.0,92.0
1608,2018-06-19T08:40:00,95.0,4.025000035762787,60.876106194690266,0.0,0.0416666666666666,0.0,0.0,96.0,82.0,98.0,97.0,85.0,97.0,98.0,84.0,102.0,89.0
1609,2018-06-19T08:45:00,79.0,4.025000035762787,59.69166666666667,0.0,0.0416666666666666,0.0,0.0,95.0,96.0,82.0,98.0,97.0,85.0,97.0,98.0,84.0,73.0
1610,2018-06-19T08:50:00,92.0,4.025000035762787,59.67256637168141,0.0,0.0416666666666666,0.0,0.0,79.0,95.0,96.0,82.0,98.0,97.0,85.0,97.0,98.0,87.0
1611,2018-06-19T08:55:00,89.0,4.105500042438507,60.95275590551181,0.0,0.0416666666666666,0.0,0.0,92.0,79.0,95.0,96.0,82.0,98.0,97.0,85.0,97.0,86.0
1612,2018-06-19T09:00:00,73.0,4.025000035762787,61.85950413223141,0.0,0.0375,0.0,0.0,89.0,92.0,79.0,95.0,96.0,82.0,98.0,97.0,85.0,66.0
1613,2018-06-19T09:05:00,87.0,4.105500042438507,63.4390243902439,0.0,0.0375,0.0,0.0,73.0,89.0,92.0,79.0,95.0,96.0,82.0,98.0,97.0,88.0
1614,2018-06-19T09:10:00,86.0,4.025000035762787,61.330708661417326,0.0,0.0375,0.0,0.0,87.0,73.0,89.0,92.0,79.0,95.0,96.0,82.0,98.0,87.0
1615,2018-06-19T09:15:00,66.0,4.025000035762787,59.79166666666666,0.0,0.0375,0.0,0.0,86.0,87.0,73.0,89.0,92.0,79.0,95.0,96.0,82.0,64.0
1616,2018-06-19T09:20:00,88.0,4.105500042438507,59.52,0.0,0.0375,0.0,0.0,66.0,86.0,87.0,73.0,89.0,92.0,79.0,95.0,96.0,84.0
1617,2018-06-19T09:25:00,87.0,4.025000035762787,59.66386554621849,0.0,0.0375,0.0,0.0,88.0,66.0,86.0,87.0,73.0,89.0,92.0,79.0,95.0,84.0
1618,2018-06-19T09:30:00,64.0,4.025000035762787,59.14876033057851,0.0,0.0375,0.0,0.0,87.0,88.0,66.0,86.0,87.0,73.0,89.0,92.0,79.0,57.0
1619,2018-06-19T09:35:00,84.0,4.025000035762787,59.336,0.0,0.0375,0.0,0.0,64.0,87.0,88.0,66.0,86.0,87.0,73.0,89.0,92.0,86.0
1620,2018-06-19T09:40:00,84.0,4.025000035762787,59.62698412698413,0.0,0.0375,0.0,0.0,84.0,64.0,87.0,88.0,66.0,86.0,87.0,73.0,89.0,87.0
1621,2018-06-19T09:45:00,57.0,4.025000035762787,58.61016949152543,0.0,0.0375,0.0,0.0,84.0,84.0,64.0,87.0,88.0,66.0,86.0,87.0,73.0,70.0
1622,2018-06-19T09:50:00,86.0,4.025000035762787,58.35135135135136,0.0,0.0375,0.0,0.0,57.0,84.0,84.0,64.0,87.0,88.0,66.0,86.0,87.0,85.0
1623,2018-06-19T09:55:00,87.0,4.025000035762787,59.07563025210085,0.0,0.0375,0.0,0.0,86.0,57.0,84.0,84.0,64.0,87.0,88.0,66.0,86.0,86.0
1624,2018-06-19T10:00:00,70.0,4.025000035762787,62.46825396825397,0.0,0.0375,0.0,0.0,87.0,86.0,57.0,84.0,84.0,64.0,87.0,88.0,66.0,71.0
1625,2018-06-19T10:05:00,85.0,4.025000035762787,61.86666666666667,0.0,0.0375,0.0,0.0,70.0,87.0,86.0,57.0,84.0,84.0,64.0,87.0,88.0,89.0
1626,2018-06-19T10:10:00,86.0,4.025000035762787,61.42105263157895,0.0,0.0375,0.0,0.0,85.0,70.0,87.0,86.0,57.0,84.0,84.0,64.0,87.0,89.0
1627,2018-06-19T10:15:00,71.0,4.025000035762787,61.3859649122807,0.0,0.0375,0.0,0.0,86.0,85.0,70.0,87.0,86.0,57.0,84.0,84.0,64.0,69.0
1628,2018-06-19T10:20:00,89.0,4.025000035762787,58.09836065573771,0.0,0.0375,0.0,0.0,71.0,86.0,85.0,70.0,87.0,86.0,57.0,84.0,84.0,91.0
1629,2018-06-19T10:25:00,89.0,4.105500042438507,59.1526717557252,0.0,0.0375,0.0,0.0,89.0,71.0,86.0,85.0,70.0,87.0,86.0,57.0,84.0,92.0
1630,2018-06-19T10:30:00,69.0,4.025000035762787,59.99212598425197,0.0,0.0375,0.0,0.0,89.0,89.0,71.0,86.0,85.0,70.0,87.0,86.0,57.0,75.0
1631,2018-06-19T10:35:00,91.0,4.025000035762787,58.36585365853659,0.0,0.0375,0.0,0.0,69.0,89.0,89.0,71.0,86.0,85.0,70.0,87.0,86.0,89.0
1632,2018-06-19T10:40:00,92.0,4.025000035762787,59.885245901639344,0.0,0.0375,0.0,0.0,91.0,69.0,89.0,89.0,71.0,86.0,85.0,70.0,87.0,93.0
1633,2018-06-19T10:45:00,75.0,4.991000056266785,60.0,4.0,0.0375,0.0,0.0,92.0,91.0,69.0,89.0,89.0,71.0,86.0,85.0,70.0,83.0
1634,2018-06-19T10:50:00,89.0,6.681500017642975,72.63716814159292,44.0,0.0375,0.0,0.0,75.0,92.0,91.0,69.0,89.0,89.0,71.0,86.0,85.0,107.0
1635,2018-06-19T10:55:00,93.0,7.003499984741211,85.45967741935483,6.0,0.0375,0.0,0.0,89.0,75.0,92.0,91.0,69.0,89.0,89.0,71.0,86.0,96.0
1636,2018-06-19T11:00:00,83.0,4.347000002861023,76.14788732394366,0.0,0.0375,0.0,0.0,93.0,89.0,75.0,92.0,91.0,69.0,89.0,89.0,71.0,127.0
1637,2018-06-19T11:05:00,107.0,4.105500042438507,73.50892857142857,0.0,0.0375,0.0,0.0,83.0,93.0,89.0,75.0,92.0,91.0,69.0,89.0,89.0,123.0
1638,2018-06-19T11:10:00,96.0,4.105500042438507,74.1891891891892,0.0,0.0375,0.0,0.0,107.0,83.0,93.0,89.0,75.0,92.0,91.0,69.0,89.0,137.0
1639,2018-06-19T11:15:00,127.0,4.105500042438507,77.82051282051282,0.0,0.0375,0.0,0.0,96.0,107.0,83.0,93.0,89.0,75.0,92.0,91.0,69.0,182.0
1640,2018-06-19T11:20:00,123.0,4.025000035762787,81.0911818421485,0.0,0.0375,0.0,0.0,127.0,96.0,107.0,83.0,93.0,89.0,75.0,92.0,91.0,157.0
1641,2018-06-19T11:25:00,137.0,4.025000035762787,83.02124787970105,0.0,0.0375,0.0,0.0,123.0,127.0,96.0,107.0,83.0,93.0,89.0,75.0,92.0,167.0
1642,2018-06-19T11:30:00,182.0,4.025000035762787,83.76124387128303,0.0,0.0375,2.6,3.0,137.0,123.0,127.0,96.0,107.0,83.0,93.0,89.0,75.0,232.0
1643,2018-06-19T11:35:00,157.0,4.025000035762787,83.46170275500701,0.0,0.0375,0.0,0.0,182.0,137.0,123.0,127.0,96.0,107.0,83.0,93.0,89.0,198.0
1644,2018-06-19T11:40:00,167.0,4.025000035762787,82.2731574689856,0.0,0.0375,0.0,0.0,157.0,182.0,137.0,123.0,127.0,96.0,107.0,83.0,93.0,204.0
1645,2018-06-19T11:45:00,232.0,4.025000035762787,80.34614095133134,0.0,0.0375,0.0,0.0,167.0,157.0,182.0,137.0,123.0,127.0,96.0,107.0,83.0,258.0
1646,2018-06-19T11:50:00,198.0,4.025000035762787,77.83118614015686,0.0,0.0375,0.0,0.0,232.0,167.0,157.0,182.0,137.0,123.0,127.0,96.0,107.0,208.0
1647,2018-06-19T11:55:00,204.0,4.025000035762787,74.87882597357472,0.0,0.0375,0.0,0.0,198.0,232.0,167.0,157.0,182.0,137.0,123.0,127.0,96.0,201.0
1648,2018-06-19T12:00:00,258.0,4.025000035762787,71.6395933896975,0.0,0.0375,0.0,0.0,204.0,198.0,232.0,167.0,157.0,182.0,137.0,123.0,127.0,237.0
1649,2018-06-19T12:05:00,208.0,4.025000035762787,68.2640213266378,0.0,0.0375,0.0,0.0,258.0,204.0,198.0,232.0,167.0,157.0,182.0,137.0,123.0,184.0
1650,2018-06-19T12:10:00,201.0,4.025000035762787,64.90264272250818,0.0,0.0375,0.0,0.0,208.0,258.0,204.0,198.0,232.0,167.0,157.0,182.0,137.0,172.0
1651,2018-06-19T12:15:00,237.0,4.025000035762787,61.70599051542122,0.0,0.0375,0.0,0.0,201.0,208.0,258.0,204.0,198.0,232.0,167.0,157.0,182.0,195.0
1652,2018-06-19T12:20:00,184.0,4.025000035762787,58.824597643489525,0.0,0.0375,0.0,0.0,237.0,201.0,208.0,258.0,204.0,198.0,232.0,167.0,157.0,150.0
1653,2018-06-19T12:25:00,172.0,4.025000035762787,56.40899704482567,0.0,0.0375,0.0,0.0,184.0,237.0,201.0,208.0,258.0,204.0,198.0,232.0,167.0,140.0
1654,2018-06-19T12:30:00,195.0,4.025000035762787,54.60972165754222,0.0,0.0375,0.0,0.0,172.0,184.0,237.0,201.0,208.0,258.0,204.0,198.0,232.0,146.0
1655,2018-06-19T12:35:00,150.0,4.025000035762787,53.57730441975177,0.0,0.0375,0.0,0.0,195.0,172.0,184.0,237.0,201.0,208.0,258.0,204.0,198.0,114.0
1656,2018-06-19T12:40:00,140.0,4.025000035762787,53.46227826956691,0.0,0.0375,0.0,0.0,150.0,195.0,172.0,184.0,237.0,201.0,208.0,258.0,204.0,107.0
1657,2018-06-19T12:45:00,146.0,4.025000035762787,54.415176145100205,0.0,0.0375,0.0,0.0,140.0,150.0,195.0,172.0,184.0,237.0,201.0,208.0,258.0,95.0
1658,2018-06-19T12:50:00,114.0,4.025000035762787,56.58653098446426,0.0,0.0375,0.0,0.0,146.0,140.0,150.0,195.0,172.0,184.0,237.0,201.0,208.0,91.0
1659,2018-06-19T12:55:00,107.0,4.025000035762787,60.126875725771626,0.0,0.0375,0.0,0.0,114.0,146.0,140.0,150.0,195.0,172.0,184.0,237.0,201.0,87.0
1660,2018-06-19T13:00:00,95.0,4.025000035762787,65.1867433071349,0.0,0.0375,0.0,0.0,107.0,114.0,146.0,140.0,150.0,195.0,172.0,184.0,237.0,89.0
1661,2018-06-19T13:05:00,91.0,5.312999963760376,71.91666666666667,12.0,0.0375,0.0,0.0,95.0,107.0,114.0,146.0,140.0,150.0,195.0,172.0,184.0,89.0
1662,2018-06-19T13:10:00,87.0,7.083999872207642,79.92561983471074,25.0,0.0375,0.0,0.0,91.0,95.0,107.0,114.0,146.0,140.0,150.0,195.0,172.0,100.0
1663,2018-06-19T13:15:00,89.0,4.910499930381775,83.24193548387096,0.0,0.0375,0.0,0.0,87.0,91.0,95.0,107.0,114.0,146.0,140.0,150.0,195.0,128.0
1664,2018-06-19T13:20:00,89.0,6.520500004291534,73.80530973451327,1.0,0.0375,0.0,0.0,89.0,87.0,91.0,95.0,107.0,114.0,146.0,140.0,150.0,122.0
1665,2018-06-19T13:25:00,100.0,4.186000049114227,74.86842105263158,0.0,0.0375,0.0,0.0,89.0,89.0,87.0,91.0,95.0,107.0,114.0,146.0,140.0,126.0
1666,2018-06-19T13:30:00,128.0,4.186000049114227,74.1896551724138,0.0,0.0375,0.0,0.0,100.0,89.0,89.0,87.0,91.0,95.0,107.0,114.0,146.0,146.0
1667,2018-06-19T13:35:00,122.0,4.105500042438507,73.18018018018019,0.0,0.0375,0.0,0.0,128.0,100.0,89.0,89.0,87.0,91.0,95.0,107.0,114.0,121.0
1668,2018-06-19T13:40:00,126.0,4.105500042438507,73.92307692307692,0.0,0.0375,0.0,0.0,122.0,128.0,100.0,89.0,89.0,87.0,91.0,95.0,107.0,115.0
1669,2018-06-19T13:45:00,146.0,4.266500055789948,77.0,0.0,0.0375,0.0,0.0,126.0,122.0,128.0,100.0,89.0,89.0,87.0,91.0,95.0,132.0
1670,2018-06-19T13:50:00,121.0,9.418499767780304,81.20869565217392,46.0,0.0375,0.0,0.0,146.0,126.0,122.0,128.0,100.0,89.0,89.0,87.0,91.0,103.0
1671,2018-06-19T13:55:00,115.0,9.418499886989594,81.8,49.0,0.0375,0.0,0.0,121.0,146.0,126.0,122.0,128.0,100.0,89.0,89.0,87.0,95.0
1672,2018-06-19T14:00:00,132.0,10.303999900817873,85.99056603773585,78.0,0.0375,0.0,0.0,115.0,121.0,146.0,126.0,122.0,128.0,100.0,89.0,89.0,115.0
1673,2018-06-19T14:05:00,103.0,11.269999742507936,85.28421052631579,75.0,0.0375,0.0,0.0,132.0,115.0,121.0,146.0,126.0,122.0,128.0,100.0,89.0,84.0
1674,2018-06-19T14:10:00,95.0,10.625999808311462,80.08264462809917,48.0,0.0375,0.0,0.0,103.0,132.0,115.0,121.0,146.0,126.0,122.0,128.0,100.0,82.0
1675,2018-06-19T14:15:00,115.0,11.511499881744385,90.53658536585364,91.0,0.0375,0.0,0.0,95.0,103.0,132.0,115.0,121.0,146.0,126.0,122.0,128.0,99.0
1676,2018-06-19T14:20:00,84.0,5.232499837875366,87.128,0.0,0.0375,0.0,0.0,115.0,95.0,103.0,132.0,115.0,121.0,146.0,126.0,122.0,93.0
1677,2018-06-19T14:25:00,82.0,5.232499837875366,89.19834710743801,0.0,0.0375,0.0,0.0,84.0,115.0,95.0,103.0,132.0,115.0,121.0,146.0,126.0,97.0
1678,2018-06-19T14:30:00,99.0,5.151999890804291,83.43548387096774,0.0,0.0375,0.0,0.0,82.0,84.0,115.0,95.0,103.0,132.0,115.0,121.0,146.0,144.0
1679,2018-06-19T14:35:00,93.0,5.071499943733215,85.64615384615385,0.0,0.0375,4.0,4.0,99.0,82.0,84.0,115.0,95.0,103.0,132.0,115.0,121.0,115.0
1680,2018-06-19T14:40:00,97.0,5.071499943733215,86.10526315789474,0.0,0.0375,0.0,0.0,93.0,99.0,82.0,84.0,115.0,95.0,103.0,132.0,115.0,125.0
1681,2018-06-19T14:45:00,144.0,6.43999993801117,87.94915254237289,13.0,0.0375,0.0,0.0,97.0,93.0,99.0,82.0,84.0,115.0,95.0,103.0,132.0,195.0
1682,2018-06-19T14:50:00,115.0,5.151999890804291,87.95121951219512,0.0,0.0375,0.0,0.0,144.0,97.0,93.0,99.0,82.0,84.0,115.0,95.0,103.0,144.0
1683,2018-06-19T14:55:00,125.0,6.922999858856201,92.54310344827586,20.0,0.0375,0.0,0.0,115.0,144.0,97.0,93.0,99.0,82.0,84.0,115.0,95.0,153.0
1684,2018-06-19T15:00:00,195.0,7.566999852657319,89.15652173913044,18.0,0.0375,0.0,0.0,125.0,115.0,144.0,97.0,93.0,99.0,82.0,84.0,115.0,216.0
1685,2018-06-19T15:05:00,144.0,9.820999860763552,92.57142857142856,25.0,0.0375,0.0,0.0,195.0,125.0,115.0,144.0,97.0,93.0,99.0,82.0,84.0,163.0
1686,2018-06-19T15:10:00,153.0,4.508000016212463,81.58992805755396,0.0,0.0375,0.0,0.0,144.0,195.0,125.0,115.0,144.0,97.0,93.0,99.0,82.0,165.0
1687,2018-06-19T15:15:00,216.0,4.105500042438507,77.70689655172414,0.0,0.0375,0.0,0.0,153.0,144.0,195.0,125.0,115.0,144.0,97.0,93.0,99.0,211.0
1688,2018-06-19T15:20:00,163.0,4.025000035762787,80.45762711864407,0.0,0.0375,0.0,0.0,216.0,153.0,144.0,195.0,125.0,115.0,144.0,97.0,93.0,172.0
1689,2018-06-19T15:25:00,165.0,4.347000062465668,82.01123595505618,0.0,0.0375,0.0,0.0,163.0,216.0,153.0,144.0,195.0,125.0,115.0,144.0,97.0,173.0
1690,2018-06-19T15:30:00,211.0,4.8299999833107,81.7304347826087,0.0,0.0375,0.0,0.0,165.0,163.0,216.0,153.0,144.0,195.0,125.0,115.0,144.0,208.0
1691,2018-06-19T15:35:00,172.0,4.025000035762787,78.63865546218487,0.0,0.0375,0.0,0.0,211.0,165.0,163.0,216.0,153.0,144.0,195.0,125.0,115.0,178.0
1692,2018-06-19T15:40:00,173.0,4.025000035762787,81.69918699186992,0.0,0.0375,0.0,0.0,172.0,211.0,165.0,163.0,216.0,153.0,144.0,195.0,125.0,183.0
1693,2018-06-19T15:45:00,208.0,4.347000062465668,81.96774193548387,0.0,0.0375,0.0,0.0,173.0,172.0,211.0,165.0,163.0,216.0,153.0,144.0,195.0,222.0
1694,2018-06-19T15:50:00,178.0,4.025000035762787,81.56589147286822,0.0,0.0375,0.0,0.0,208.0,173.0,172.0,211.0,165.0,163.0,216.0,153.0,144.0,198.0
1695,2018-06-19T15:55:00,183.0,4.507999956607819,83.03030303030303,0.0,0.0375,0.0,0.0,178.0,208.0,173.0,172.0,211.0,165.0,163.0,216.0,153.0,201.0
1696,2018-06-19T16:00:00,222.0,4.508000075817108,84.2051282051282,0.0,0.0375,0.0,0.0,183.0,178.0,208.0,173.0,172.0,211.0,165.0,163.0,216.0,246.0
1697,2018-06-19T16:05:00,198.0,4.347000062465668,83.36842105263158,0.0,0.0375,0.0,0.0,222.0,183.0,178.0,208.0,173.0,172.0,211.0,165.0,163.0,210.0
1698,2018-06-19T16:10:00,201.0,4.025000035762787,82.58333333333333,0.0,0.0375,0.0,0.0,198.0,222.0,183.0,178.0,208.0,173.0,172.0,211.0,165.0,216.0
1699,2018-06-19T16:15:00,246.0,4.347000062465668,82.52,0.0,0.0375,0.0,0.0,201.0,198.0,222.0,183.0,178.0,208.0,173.0,172.0,211.0,256.0
1700,2018-06-19T16:20:00,210.0,4.186000049114227,81.80869565217391,0.0,0.0375,0.0,0.0,246.0,201.0,198.0,222.0,183.0,178.0,208.0,173.0,172.0,272.6666666666667
1701,2018-06-19T16:25:00,216.0,4.186000049114227,82.34710743801652,0.0,0.0375,0.0,0.0,210.0,246.0,201.0,198.0,222.0,183.0,178.0,208.0,173.0,289.3333333333333
1702,2018-06-19T16:30:00,256.0,4.266499996185303,81.35766423357664,0.0,0.0375,0.5,0.0,216.0,210.0,246.0,201.0,198.0,222.0,183.0,178.0,208.0,306.0
1703,2018-06-19T16:35:00,272.6666666666667,4.508000075817108,87.02380952380952,0.0,0.0375,0.0,0.0,256.0,216.0,210.0,246.0,201.0,198.0,222.0,183.0,178.0,312.3333333333333
1704,2018-06-19T16:40:00,289.3333333333333,4.347000062465668,83.92307692307692,0.0,0.0375,0.0,0.0,272.6666666666667,256.0,216.0,210.0,246.0,201.0,198.0,222.0,183.0,318.6666666666667
1705,2018-06-19T16:45:00,306.0,4.588500022888184,86.8695652173913,0.0,0.0375,0.0,0.0,289.3333333333333,272.6666666666667,256.0,216.0,210.0,246.0,201.0,198.0,222.0,325.0
1706,2018-06-19T16:50:00,312.3333333333333,4.508000075817108,84.9327731092437,0.0,0.0375,0.0,0.0,306.0,289.3333333333333,272.6666666666667,256.0,216.0,210.0,246.0,201.0,198.0,324.6666666666667
1707,2018-06-19T16:55:00,318.6666666666667,4.508000075817108,83.09734513274336,0.0,0.0375,0.0,0.0,312.3333333333333,306.0,289.3333333333333,272.6666666666667,256.0,216.0,210.0,246.0,201.0,324.3333333333333
1708,2018-06-19T17:00:00,325.0,4.025000035762787,82.256,0.0,0.0916666666666666,0.0,0.0,318.6666666666667,312.3333333333333,306.0,289.3333333333333,272.6666666666667,256.0,216.0,210.0,246.0,324.0
1709,2018-06-19T17:05:00,324.6666666666667,5.312999963760376,80.95967741935483,7.0,0.0916666666666666,0.0,0.0,325.0,318.6666666666667,312.3333333333333,306.0,289.3333333333333,272.6666666666667,256.0,216.0,210.0,324.6666666666667
1710,2018-06-19T17:10:00,324.3333333333333,4.186000049114227,87.12068965517241,0.0,0.0916666666666666,0.0,0.0,324.6666666666667,325.0,318.6666666666667,312.3333333333333,306.0,289.3333333333333,272.6666666666667,256.0,216.0,325.3333333333333
1711,2018-06-19T17:15:00,324.0,4.186000049114227,83.04098360655738,0.0,0.0916666666666666,0.0,0.0,324.3333333333333,324.6666666666667,325.0,318.6666666666667,312.3333333333333,306.0,289.3333333333333,272.6666666666667,256.0,326.0
1712,2018-06-19T17:20:00,324.6666666666667,4.025000035762787,79.93333333333334,0.0,0.0916666666666666,0.0,0.0,324.0,324.3333333333333,324.6666666666667,325.0,318.6666666666667,312.3333333333333,306.0,289.3333333333333,272.6666666666667,331.6666666666667
1713,2018-06-19T17:25:00,325.3333333333333,4.025000035762787,76.55038759689923,0.0,0.0916666666666666,0.0,0.0,324.6666666666667,324.0,324.3333333333333,324.6666666666667,325.0,318.6666666666667,312.3333333333333,306.0,289.3333333333333,337.3333333333333
1714,2018-06-19T17:30:00,326.0,4.025000035762787,74.5223880597015,0.0,0.0916666666666666,0.0,0.0,325.3333333333333,324.6666666666667,324.0,324.3333333333333,324.6666666666667,325.0,318.6666666666667,312.3333333333333,306.0,343.0
1715,2018-06-19T17:35:00,331.6666666666667,4.025000035762787,77.232,0.0,0.0916666666666666,0.0,0.0,326.0,325.3333333333333,324.6666666666667,324.0,324.3333333333333,324.6666666666667,325.0,318.6666666666667,312.3333333333333,345.6666666666667
1716,2018-06-19T17:40:00,337.3333333333333,4.025000035762787,75.28676470588235,0.0,0.0916666666666666,0.0,0.0,331.6666666666667,326.0,325.3333333333333,324.6666666666667,324.0,324.3333333333333,324.6666666666667,325.0,318.6666666666667,348.3333333333333
1717,2018-06-19T17:45:00,343.0,4.105500042438507,76.37692307692308,0.0,0.0916666666666666,0.0,0.0,337.3333333333333,331.6666666666667,326.0,325.3333333333333,324.6666666666667,324.0,324.3333333333333,324.6666666666667,325.0,351.0
1718,2018-06-19T17:50:00,345.6666666666667,4.025000035762787,78.46280991735537,0.0,0.0916666666666666,0.0,0.0,343.0,337.3333333333333,331.6666666666667,326.0,325.3333333333333,324.6666666666667,324.0,324.3333333333333,324.6666666666667,347.6666666666667
1719,2018-06-19T17:55:00,348.3333333333333,4.025000035762787,76.66917293233082,0.0,0.0916666666666666,0.0,0.0,345.6666666666667,343.0,337.3333333333333,331.6666666666667,326.0,325.3333333333333,324.6666666666667,324.0,324.3333333333333,344.3333333333333
1720,2018-06-19T18:00:00,351.0,4.025000035762787,75.35338345864662,0.0,0.0916666666666666,0.0,0.0,348.3333333333333,345.6666666666667,343.0,337.3333333333333,331.6666666666667,326.0,325.3333333333333,324.6666666666667,324.0,341.0
1721,2018-06-19T18:05:00,347.6666666666667,4.025000035762787,74.18604651162791,0.0,0.0916666666666666,0.0,0.0,351.0,348.3333333333333,345.6666666666667,343.0,337.3333333333333,331.6666666666667,326.0,325.3333333333333,324.6666666666667,338.6666666666667
1722,2018-06-19T18:10:00,344.3333333333333,4.025000035762787,75.56410256410257,0.0,0.0916666666666666,0.0,0.0,347.6666666666667,351.0,348.3333333333333,345.6666666666667,343.0,337.3333333333333,331.6666666666667,326.0,325.3333333333333,336.3333333333333
1723,2018-06-19T18:15:00,341.0,4.025000035762787,79.02608695652174,0.0,0.0916666666666666,0.0,0.0,344.3333333333333,347.6666666666667,351.0,348.3333333333333,345.6666666666667,343.0,337.3333333333333,331.6666666666667,326.0,334.0
1724,2018-06-19T18:20:00,338.6666666666667,4.025000035762787,76.97540983606558,0.0,0.0916666666666666,0.0,0.0,341.0,344.3333333333333,347.6666666666667,351.0,348.3333333333333,345.6666666666667,343.0,337.3333333333333,331.6666666666667,330.6666666666667
1725,2018-06-19T18:25:00,336.3333333333333,4.025000035762787,73.60344827586206,0.0,0.0916666666666666,0.0,0.0,338.6666666666667,341.0,344.3333333333333,347.6666666666667,351.0,348.3333333333333,345.6666666666667,343.0,337.3333333333333,327.3333333333333
1726,2018-06-19T18:30:00,334.0,4.025000035762787,74.13333333333334,0.0,0.0916666666666666,0.0,0.0,336.3333333333333,338.6666666666667,341.0,344.3333333333333,347.6666666666667,351.0,348.3333333333333,345.6666666666667,343.0,324.0
1727,2018-06-19T18:35:00,330.6666666666667,4.025000035762787,71.21311475409836,0.0,0.0916666666666666,0.0,0.0,334.0,336.3333333333333,338.6666666666667,341.0,344.3333333333333,347.6666666666667,351.0,348.3333333333333,345.6666666666667,319.0
1728,2018-06-19T18:40:00,327.3333333333333,4.025000035762787,71.85593220338983,0.0,0.0916666666666666,0.0,0.0,330.6666666666667,334.0,336.3333333333333,338.6666666666667,341.0,344.3333333333333,347.6666666666667,351.0,348.3333333333333,314.0
1729,2018-06-19T18:45:00,324.0,4.025000035762787,71.09448818897638,0.0,0.0916666666666666,0.0,0.0,327.3333333333333,330.6666666666667,334.0,336.3333333333333,338.6666666666667,341.0,344.3333333333333,347.6666666666667,351.0,309.0
1730,2018-06-19T18:50:00,319.0,4.025000035762787,69.9090909090909,0.0,0.0916666666666666,0.0,0.0,324.0,327.3333333333333,330.6666666666667,334.0,336.3333333333333,338.6666666666667,341.0,344.3333333333333,347.6666666666667,304.3333333333333
1731,2018-06-19T18:55:00,314.0,4.025000035762787,69.54166666666667,0.0,0.0916666666666666,0.0,0.0,319.0,324.0,327.3333333333333,330.6666666666667,334.0,336.3333333333333,338.6666666666667,341.0,344.3333333333333,299.6666666666667
1732,2018-06-19T19:00:00,309.0,6.601000010967255,73.87272727272727,10.0,0.075,0.0,0.0,314.0,319.0,324.0,327.3333333333333,330.6666666666667,334.0,336.3333333333333,338.6666666666667,341.0,295.0
1733,2018-06-19T19:05:00,304.3333333333333,6.601000010967255,79.53932584269663,41.0,0.075,0.0,0.0,309.0,314.0,319.0,324.0,327.3333333333333,330.6666666666667,334.0,336.3333333333333,338.6666666666667,293.6666666666667
1734,2018-06-19T19:10:00,299.6666666666667,4.668999969959259,81.50413223140495,0.0,0.075,0.0,0.0,304.3333333333333,309.0,314.0,319.0,324.0,327.3333333333333,330.6666666666667,334.0,336.3333333333333,292.3333333333333
1735,2018-06-19T19:15:00,295.0,4.669000029563904,80.82456140350877,0.0,0.075,0.0,0.0,299.6666666666667,304.3333333333333,309.0,314.0,319.0,324.0,327.3333333333333,330.6666666666667,334.0,291.0
1736,2018-06-19T19:20:00,293.6666666666667,4.105500042438507,74.69827586206897,0.0,0.075,0.0,0.0,295.0,299.6666666666667,304.3333333333333,309.0,314.0,319.0,324.0,327.3333333333333,330.6666666666667,289.0
1737,2018-06-19T19:25:00,292.3333333333333,4.105500042438507,73.26271186440678,0.0,0.075,0.0,0.0,293.6666666666667,295.0,299.6666666666667,304.3333333333333,309.0,314.0,319.0,324.0,327.3333333333333,287.0
1738,2018-06-19T19:30:00,291.0,6.601000010967255,72.7948717948718,33.0,0.075,0.0,0.0,292.3333333333333,293.6666666666667,295.0,299.6666666666667,304.3333333333333,309.0,314.0,319.0,324.0,285.0
1739,2018-06-19T19:35:00,289.0,8.371999859809875,85.27433628318585,14.0,0.075,0.0,0.0,291.0,292.3333333333333,293.6666666666667,295.0,299.6666666666667,304.3333333333333,309.0,314.0,319.0,275.6666666666667
1740,2018-06-19T19:40:00,287.0,9.65999984741211,90.28318584070796,45.0,0.075,0.0,0.0,289.0,291.0,292.3333333333333,293.6666666666667,295.0,299.6666666666667,304.3333333333333,309.0,314.0,266.3333333333333
1741,2018-06-19T19:45:00,285.0,5.232499837875366,82.67543859649123,0.0,0.075,0.0,0.0,287.0,289.0,291.0,292.3333333333333,293.6666666666667,295.0,299.6666666666667,304.3333333333333,309.0,257.0
1742,2018-06-19T19:50:00,275.6666666666667,8.210999846458435,77.85840707964601,29.0,0.075,0.6,0.0,285.0,287.0,289.0,291.0,292.3333333333333,293.6666666666667,295.0,299.6666666666667,304.3333333333333,253.33333333333331
1743,2018-06-19T19:55:00,266.3333333333333,4.105500042438507,77.7107438016529,0.0,0.075,0.0,0.0,275.6666666666667,285.0,287.0,289.0,291.0,292.3333333333333,293.6666666666667,295.0,299.6666666666667,249.66666666666663
1744,2018-06-19T20:00:00,257.0,4.025000035762787,75.99212598425197,0.0,0.075,0.0,0.0,266.3333333333333,275.6666666666667,285.0,287.0,289.0,291.0,292.3333333333333,293.6666666666667,295.0,246.0
1745,2018-06-19T20:05:00,253.33333333333331,4.105500042438507,77.0725806451613,0.0,0.075,0.0,0.0,257.0,266.3333333333333,275.6666666666667,285.0,287.0,289.0,291.0,292.3333333333333,293.6666666666667,240.66666666666663
1746,2018-06-19T20:10:00,249.66666666666663,4.105500042438507,77.46774193548387,0.0,0.075,0.0,0.0,253.33333333333331,257.0,266.3333333333333,275.6666666666667,285.0,287.0,289.0,291.0,292.3333333333333,235.33333333333331
1747,2018-06-19T20:15:00,246.0,4.025000035762787,75.82644628099173,0.0,0.075,0.0,0.0,249.66666666666663,253.33333333333331,257.0,266.3333333333333,275.6666666666667,285.0,287.0,289.0,291.0,230.0
1748,2018-06-19T20:20:00,240.66666666666663,4.105500042438507,76.712,0.0,0.075,0.0,0.0,246.0,249.66666666666663,253.33333333333331,257.0,266.3333333333333,275.6666666666667,285.0,287.0,289.0,222.66666666666663
1749,2018-06-19T20:25:00,235.33333333333331,4.025000035762787,77.90163934426229,0.0,0.075,0.0,0.0,240.66666666666663,246.0,249.66666666666663,253.33333333333331,257.0,266.3333333333333,275.6666666666667,285.0,287.0,215.33333333333331
1750,2018-06-19T20:30:00,230.0,4.105500042438507,79.3931623931624,0.0,0.075,0.0,0.0,235.33333333333331,240.66666666666663,246.0,249.66666666666663,253.33333333333331,257.0,266.3333333333333,275.6666666666667,285.0,208.0
1751,2018-06-19T20:35:00,222.66666666666663,4.186000049114227,76.56349206349206,0.0,0.075,0.0,0.0,230.0,235.33333333333331,240.66666666666663,246.0,249.66666666666663,253.33333333333331,257.0,266.3333333333333,275.6666666666667,199.0
1752,2018-06-19T20:40:00,215.33333333333331,4.266499996185303,81.06106870229007,0.0,0.075,0.0,0.0,222.66666666666663,230.0,235.33333333333331,240.66666666666663,246.0,249.66666666666663,253.33333333333331,257.0,266.3333333333333,190.0
1753,2018-06-19T20:45:00,208.0,4.025000035762787,78.42748091603053,0.0,0.075,0.0,0.0,215.33333333333331,222.66666666666663,230.0,235.33333333333331,240.66666666666663,246.0,249.66666666666663,253.33333333333331,257.0,181.0
1754,2018-06-19T20:50:00,199.0,4.025000035762787,77.30232558139535,0.0,0.075,0.0,0.0,208.0,215.33333333333331,222.66666666666663,230.0,235.33333333333331,240.66666666666663,246.0,249.66666666666663,253.33333333333331,173.33333333333334
1755,2018-06-19T20:55:00,190.0,4.266500055789948,79.14960629921259,0.0,0.075,0.0,0.0,199.0,208.0,215.33333333333331,222.66666666666663,230.0,235.33333333333331,240.66666666666663,246.0,249.66666666666663,165.66666666666666
1756,2018-06-19T21:00:00,181.0,4.025000035762787,76.24242424242425,0.0,0.0583333333333333,0.0,0.0,190.0,199.0,208.0,215.33333333333331,222.66666666666663,230.0,235.33333333333331,240.66666666666663,246.0,158.0
1757,2018-06-19T21:05:00,173.33333333333334,6.7619999051094055,77.69827586206897,23.0,0.0583333333333333,0.0,0.0,181.0,190.0,199.0,208.0,215.33333333333331,222.66666666666663,230.0,235.33333333333331,240.66666666666663,160.0
1758,2018-06-19T21:10:00,165.66666666666666,6.198499858379364,84.92857142857143,8.0,0.0583333333333333,0.0,0.0,173.33333333333334,181.0,190.0,199.0,208.0,215.33333333333331,222.66666666666663,230.0,235.33333333333331,162.0
1759,2018-06-19T21:15:00,158.0,7.486499786376953,83.71681415929204,29.0,0.0583333333333333,2.7,3.0,165.66666666666666,173.33333333333334,181.0,190.0,199.0,208.0,215.33333333333331,222.66666666666663,230.0,164.0
1760,2018-06-19T21:20:00,160.0,4.910499930381775,86.63636363636364,0.0,0.0583333333333333,0.0,0.0,158.0,165.66666666666666,173.33333333333334,181.0,190.0,199.0,208.0,215.33333333333331,222.66666666666663,166.33333333333334
1761,2018-06-19T21:25:00,162.0,4.347000062465668,81.61290322580645,0.0,0.0583333333333333,0.0,0.0,160.0,158.0,165.66666666666666,173.33333333333334,181.0,190.0,199.0,208.0,215.33333333333331,168.66666666666666
1762,2018-06-19T21:30:00,164.0,6.922999978065491,84.91228070175438,25.0,0.0583333333333333,0.0,0.0,162.0,160.0,158.0,165.66666666666666,173.33333333333334,181.0,190.0,199.0,208.0,171.0
1763,2018-06-19T21:35:00,166.33333333333334,5.151999890804291,88.66386554621849,0.0,0.0583333333333333,0.0,0.0,164.0,162.0,160.0,158.0,165.66666666666666,173.33333333333334,181.0,190.0,199.0,161.0
1764,2018-06-19T21:40:00,168.66666666666666,7.727999866008759,87.5,0.0,0.0583333333333333,0.0,0.0,166.33333333333334,164.0,162.0,160.0,158.0,165.66666666666666,173.33333333333334,181.0,190.0,151.0
1765,2018-06-19T21:45:00,171.0,10.384499907493597,91.4074074074074,57.0,0.0583333333333333,0.0,0.0,168.66666666666666,166.33333333333334,164.0,162.0,160.0,158.0,165.66666666666666,173.33333333333334,181.0,141.0
1766,2018-06-19T21:50:00,161.0,13.52400016784668,101.89908256880734,55.0,0.0583333333333333,0.0,0.0,171.0,168.66666666666666,166.33333333333334,164.0,162.0,160.0,158.0,165.66666666666666,173.33333333333334,134.33333333333334
1767,2018-06-19T21:55:00,151.0,9.338000059127806,98.13533834586468,19.0,0.0583333333333333,0.0,0.0,161.0,171.0,168.66666666666666,166.33333333333334,164.0,162.0,160.0,158.0,165.66666666666666,127.66666666666669
1768,2018-06-19T22:00:00,141.0,5.2325000166893005,100.38815789473684,0.0,0.0583333333333333,0.0,0.0,151.0,161.0,171.0,168.66666666666666,166.33333333333334,164.0,162.0,160.0,158.0,121.0
1769,2018-06-19T22:05:00,134.33333333333334,9.740500152111052,103.85,0.0,0.0583333333333333,0.0,0.0,141.0,151.0,161.0,171.0,168.66666666666666,166.33333333333334,164.0,162.0,160.0,119.33333333333331
1770,2018-06-19T22:10:00,127.66666666666669,9.579500019550323,103.9090909090909,0.0,0.0583333333333333,0.0,0.0,134.33333333333334,141.0,151.0,161.0,171.0,168.66666666666666,166.33333333333334,164.0,162.0,117.66666666666669
1771,2018-06-19T22:15:00,121.0,13.20199990272522,100.34745762711864,60.0,0.0583333333333333,0.0,0.0,127.66666666666669,134.33333333333334,141.0,151.0,161.0,171.0,168.66666666666666,166.33333333333334,164.0,116.0
1772,2018-06-19T22:20:00,119.33333333333331,6.76200008392334,97.70967741935485,9.0,0.0583333333333333,0.0,0.0,121.0,127.66666666666669,134.33333333333334,141.0,151.0,161.0,171.0,168.66666666666666,166.33333333333334,114.0
1773,2018-06-19T22:25:00,117.66666666666669,10.384499967098236,99.68548387096774,0.0,0.0583333333333333,0.0,0.0,119.33333333333331,121.0,127.66666666666669,134.33333333333334,141.0,151.0,161.0,171.0,168.66666666666666,118.0
1774,2018-06-19T22:30:00,116.0,17.710000038146973,112.3941605839416,52.0,0.0583333333333333,0.0,0.0,117.66666666666669,119.33333333333331,121.0,127.66666666666669,134.33333333333334,141.0,151.0,161.0,171.0,122.0
1775,2018-06-19T22:35:00,114.0,9.82099986076355,105.88571428571429,84.0,0.0583333333333333,0.0,0.0,116.0,117.66666666666669,119.33333333333331,121.0,127.66666666666669,134.33333333333334,141.0,151.0,161.0,121.0
1776,2018-06-19T22:40:00,118.0,13.5239999294281,101.6967213114754,14.0,0.0583333333333333,0.0,0.0,114.0,116.0,117.66666666666669,119.33333333333331,121.0,127.66666666666669,134.33333333333334,141.0,151.0,125.0
1777,2018-06-19T22:45:00,122.0,9.096500039100649,95.87218045112782,19.0,0.0583333333333333,0.0,0.0,118.0,114.0,116.0,117.66666666666669,119.33333333333331,121.0,127.66666666666669,134.33333333333334,141.0,133.0
1778,2018-06-19T22:50:00,121.0,4.99099999666214,89.68333333333334,0.0,0.0583333333333333,0.0,0.0,122.0,118.0,114.0,116.0,117.66666666666669,119.33333333333331,121.0,127.66666666666669,134.33333333333334,136.0
1779,2018-06-19T22:55:00,125.0,4.347000062465668,86.30833333333334,0.0,0.0583333333333333,0.0,0.0,121.0,122.0,118.0,114.0,116.0,117.66666666666669,119.33333333333331,121.0,127.66666666666669,145.0
1780,2018-06-19T23:00:00,133.0,4.025000035762787,85.90598290598291,0.0,0.0583333333333333,0.0,0.0,125.0,121.0,122.0,118.0,114.0,116.0,117.66666666666669,119.33333333333331,121.0,136.0
1781,2018-06-19T23:05:00,136.0,4.186000049114227,88.45217391304348,0.0,0.0583333333333333,0.0,0.0,133.0,125.0,121.0,122.0,118.0,114.0,116.0,117.66666666666669,119.33333333333331,147.0
1782,2018-06-19T23:10:00,145.0,4.99099999666214,89.70270270270271,0.0,0.0583333333333333,0.0,0.0,136.0,133.0,125.0,121.0,122.0,118.0,114.0,116.0,117.66666666666669,148.0
1783,2018-06-19T23:15:00,136.0,5.071499943733215,86.65833333333333,0.0,0.0583333333333333,0.0,0.0,145.0,136.0,133.0,125.0,121.0,122.0,118.0,114.0,116.0,148.0
1784,2018-06-19T23:20:00,147.0,4.9105000495910645,84.92857142857143,0.0,0.0408333333333333,0.0,0.0,136.0,145.0,136.0,133.0,125.0,121.0,122.0,118.0,114.0,156.0
1785,2018-06-19T23:25:00,148.0,4.749500036239624,84.23577235772358,0.0,0.0408333333333333,0.0,0.0,147.0,136.0,145.0,136.0,133.0,125.0,121.0,122.0,118.0,164.0
1786,2018-06-19T23:30:00,148.0,4.99099999666214,86.01666666666667,0.0,0.0408333333333333,0.0,0.0,148.0,147.0,136.0,145.0,136.0,133.0,125.0,121.0,122.0,151.0
1787,2018-06-19T23:35:00,156.0,4.830000102519989,86.9298245614035,0.0,0.0408333333333333,0.0,0.0,148.0,148.0,147.0,136.0,145.0,136.0,133.0,125.0,121.0,169.0
1788,2018-06-19T23:40:00,164.0,4.9105000495910645,89.06140350877193,0.0,0.0408333333333333,0.0,0.0,156.0,148.0,148.0,147.0,136.0,145.0,136.0,133.0,125.0,172.0
1789,2018-06-19T23:45:00,151.0,5.071499943733215,85.60330578512396,0.0,0.0408333333333333,0.0,0.0,164.0,156.0,148.0,148.0,147.0,136.0,145.0,136.0,133.0,174.0
1790,2018-06-19T23:50:00,169.0,4.508000075817108,86.6,0.0,0.0408333333333333,0.0,0.0,151.0,164.0,156.0,148.0,148.0,147.0,136.0,145.0,136.0,181.0
1791,2018-06-19T23:55:00,172.0,4.749500036239624,87.17171717171718,0.0,0.0408333333333333,0.0,0.0,169.0,151.0,164.0,156.0,148.0,148.0,147.0,136.0,145.0,188.0
1792,2018-06-20T00:00:00,174.0,4.186000049114227,84.8015873015873,0.0,0.0499999999999999,0.0,0.0,172.0,169.0,151.0,164.0,156.0,148.0,148.0,147.0,136.0,201.0
1793,2018-06-20T00:05:00,181.0,4.266500055789948,74.8688524590164,0.0,0.0499999999999999,0.0,0.0,174.0,172.0,169.0,151.0,164.0,156.0,148.0,148.0,147.0,200.0
1794,2018-06-20T00:10:00,188.0,4.990999937057495,82.43801652892562,0.0,0.0499999999999999,0.0,0.0,181.0,174.0,172.0,169.0,151.0,164.0,156.0,148.0,148.0,206.0
1795,2018-06-20T00:15:00,201.0,4.830000102519989,85.03603603603604,0.0,0.0499999999999999,0.0,0.0,188.0,181.0,174.0,172.0,169.0,151.0,164.0,156.0,148.0,220.0
1796,2018-06-20T00:20:00,200.0,4.749500036239624,82.66666666666667,0.0,0.0499999999999999,0.0,0.0,201.0,188.0,181.0,174.0,172.0,169.0,151.0,164.0,156.0,217.0
1797,2018-06-20T00:25:00,206.0,4.025000035762787,78.76377952755905,0.0,0.0499999999999999,0.0,0.0,200.0,201.0,188.0,181.0,174.0,172.0,169.0,151.0,164.0,221.0
1798,2018-06-20T00:30:00,220.0,4.105500042438507,79.34710743801652,0.0,0.0499999999999999,0.0,0.0,206.0,200.0,201.0,188.0,181.0,174.0,172.0,169.0,151.0,231.0
1799,2018-06-20T00:35:00,217.0,4.025000035762787,78.90178571428571,0.0,0.0708333333333333,0.0,0.0,220.0,206.0,200.0,201.0,188.0,181.0,174.0,172.0,169.0,227.0
1800,2018-06-20T00:40:00,221.0,4.186000049114227,80.5748031496063,0.0,0.0708333333333333,0.0,0.0,217.0,220.0,206.0,200.0,201.0,188.0,181.0,174.0,172.0,230.0
1801,2018-06-20T00:45:00,231.0,4.025000035762787,81.3529411764706,0.0,0.0708333333333333,0.0,0.0,221.0,217.0,220.0,206.0,200.0,201.0,188.0,181.0,174.0,245.0
1802,2018-06-20T00:50:00,227.0,4.105500042438507,78.14049586776859,0.0,0.0708333333333333,0.0,0.0,231.0,221.0,217.0,220.0,206.0,200.0,201.0,188.0,181.0,231.0
1803,2018-06-20T00:55:00,230.0,4.105500042438507,77.34375,0.0,0.0708333333333333,0.0,0.0,227.0,231.0,221.0,217.0,220.0,206.0,200.0,201.0,188.0,231.0
1804,2018-06-20T01:00:00,245.0,5.312999963760376,77.368,11.0,0.0708333333333333,0.0,0.0,230.0,227.0,231.0,221.0,217.0,220.0,206.0,200.0,201.0,251.0
1805,2018-06-20T01:05:00,231.0,4.025000035762787,79.25210084033614,0.0,0.0708333333333333,0.0,0.0,245.0,230.0,227.0,231.0,221.0,217.0,220.0,206.0,200.0,229.0
1806,2018-06-20T01:10:00,231.0,4.025000035762787,78.4274193548387,0.0,0.0708333333333333,0.0,0.0,231.0,245.0,230.0,227.0,231.0,221.0,217.0,220.0,206.0,229.0
1807,2018-06-20T01:15:00,251.0,4.025000035762787,79.95901639344262,0.0,0.0708333333333333,0.0,0.0,231.0,231.0,245.0,230.0,227.0,231.0,221.0,217.0,220.0,249.0
1808,2018-06-20T01:20:00,229.0,4.025000035762787,77.36065573770492,0.0,0.0708333333333333,0.0,0.0,251.0,231.0,231.0,245.0,230.0,227.0,231.0,221.0,217.0,228.0
1809,2018-06-20T01:25:00,229.0,4.025000035762787,76.57142857142857,0.0,0.0708333333333333,0.0,0.0,229.0,251.0,231.0,231.0,245.0,230.0,227.0,231.0,221.0,229.0
1810,2018-06-20T01:30:00,249.0,4.025000035762787,76.06837606837607,0.0,0.0708333333333333,0.0,0.0,229.0,229.0,251.0,231.0,231.0,245.0,230.0,227.0,231.0,250.0
1811,2018-06-20T01:35:00,228.0,4.105500042438507,77.13223140495867,0.0,0.0708333333333333,0.0,0.0,249.0,229.0,229.0,251.0,231.0,231.0,245.0,230.0,227.0,229.0
1812,2018-06-20T01:40:00,229.0,4.266500055789948,81.736,0.0,0.0708333333333333,0.0,0.0,228.0,249.0,229.0,229.0,251.0,231.0,231.0,245.0,230.0,227.0
1813,2018-06-20T01:45:00,250.0,4.105500042438507,77.39830508474576,0.0,0.0708333333333333,0.0,0.0,229.0,228.0,249.0,229.0,229.0,251.0,231.0,231.0,245.0,249.0
1814,2018-06-20T01:50:00,229.0,4.266500055789948,77.5798319327731,0.0,0.0708333333333333,0.0,0.0,250.0,229.0,228.0,249.0,229.0,229.0,251.0,231.0,231.0,227.0
1815,2018-06-20T01:55:00,227.0,4.025000035762787,78.31896551724138,0.0,0.0708333333333333,0.0,0.0,229.0,250.0,229.0,228.0,249.0,229.0,229.0,251.0,231.0,228.0
1816,2018-06-20T02:00:00,249.0,4.105500042438507,77.85087719298245,0.0,0.0708333333333333,0.0,0.0,227.0,229.0,250.0,229.0,228.0,249.0,229.0,229.0,251.0,238.0
1817,2018-06-20T02:05:00,227.0,4.105500042438507,76.34166666666667,0.0,0.0708333333333333,0.0,0.0,249.0,227.0,229.0,250.0,229.0,228.0,249.0,229.0,229.0,222.0
1818,2018-06-20T02:10:00,228.0,4.105500042438507,76.91452991452991,0.0,0.0708333333333333,0.0,0.0,227.0,249.0,227.0,229.0,250.0,229.0,228.0,249.0,229.0,218.0
1819,2018-06-20T02:15:00,238.0,4.025000035762787,74.42241379310344,0.0,0.0708333333333333,0.0,0.0,228.0,227.0,249.0,227.0,229.0,250.0,229.0,228.0,249.0,227.0
1820,2018-06-20T02:20:00,222.0,4.105500042438507,74.17948717948718,0.0,0.0708333333333333,0.0,0.0,238.0,228.0,227.0,249.0,227.0,229.0,250.0,229.0,228.0,208.0
1821,2018-06-20T02:25:00,218.0,4.025000035762787,74.05263157894737,0.0,0.0708333333333333,0.0,0.0,222.0,238.0,228.0,227.0,249.0,227.0,229.0,250.0,229.0,203.0
1822,2018-06-20T02:30:00,227.0,4.025000035762787,74.61946902654867,0.0,0.0708333333333333,0.0,0.0,218.0,222.0,238.0,228.0,227.0,249.0,227.0,229.0,250.0,226.0
1823,2018-06-20T02:35:00,208.0,4.105500042438507,79.68333333333334,0.0,0.0708333333333333,0.0,0.0,227.0,218.0,222.0,238.0,228.0,227.0,249.0,227.0,229.0,195.0
1824,2018-06-20T02:40:00,203.0,4.025000035762787,80.04310344827586,0.0,0.0708333333333333,0.0,0.0,208.0,227.0,218.0,222.0,238.0,228.0,227.0,249.0,227.0,196.0
1825,2018-06-20T02:45:00,226.0,4.105500042438507,79.7107438016529,0.0,0.0708333333333333,0.0,0.0,203.0,208.0,227.0,218.0,222.0,238.0,228.0,227.0,249.0,231.0
1826,2018-06-20T02:50:00,195.0,4.186000049114227,76.80672268907563,0.0,0.0708333333333333,0.0,0.0,226.0,203.0,208.0,227.0,218.0,222.0,238.0,228.0,227.0,187.0
1827,2018-06-20T02:55:00,196.0,4.105500042438507,74.78571428571429,0.0,0.0708333333333333,0.0,0.0,195.0,226.0,203.0,208.0,227.0,218.0,222.0,238.0,228.0,183.0
1828,2018-06-20T03:00:00,231.0,4.025000035762787,71.94957983193277,0.0,0.0541666666666666,0.0,0.0,196.0,195.0,226.0,203.0,208.0,227.0,218.0,222.0,238.0,239.0
1829,2018-06-20T03:05:00,187.0,4.025000035762787,70.88333333333334,0.0,0.0541666666666666,0.0,0.0,231.0,196.0,195.0,226.0,203.0,208.0,227.0,218.0,222.0,173.0
1830,2018-06-20T03:10:00,183.0,4.025000035762787,70.71774193548387,0.0,0.0541666666666666,0.0,0.0,187.0,231.0,196.0,195.0,226.0,203.0,208.0,227.0,218.0,170.0
1831,2018-06-20T03:15:00,239.0,4.025000035762787,68.41322314049587,0.0,0.0541666666666666,0.0,0.0,183.0,187.0,231.0,196.0,195.0,226.0,203.0,208.0,227.0,245.0
1832,2018-06-20T03:20:00,173.0,4.025000035762787,67.48333333333333,0.0,0.0541666666666666,0.0,0.0,239.0,183.0,187.0,231.0,196.0,195.0,226.0,203.0,208.0,171.0
1833,2018-06-20T03:25:00,170.0,4.025000035762787,69.50877192982456,0.0,0.0541666666666666,0.0,0.0,173.0,239.0,183.0,187.0,231.0,196.0,195.0,226.0,203.0,170.0
1834,2018-06-20T03:30:00,245.0,4.025000035762787,71.425,0.0,0.0541666666666666,0.0,0.0,170.0,173.0,239.0,183.0,187.0,231.0,196.0,195.0,226.0,249.0
1835,2018-06-20T03:35:00,171.0,4.025000035762787,70.38793103448276,0.0,0.0541666666666666,0.0,0.0,245.0,170.0,173.0,239.0,183.0,187.0,231.0,196.0,195.0,167.0
1836,2018-06-20T03:40:00,170.0,4.105500042438507,70.90322580645162,0.0,0.0541666666666666,0.0,0.0,171.0,245.0,170.0,173.0,239.0,183.0,187.0,231.0,196.0,168.0
1837,2018-06-20T03:45:00,249.0,4.025000035762787,70.84251968503936,0.0,0.0541666666666666,0.0,0.0,170.0,171.0,245.0,170.0,173.0,239.0,183.0,187.0,231.0,251.0
1838,2018-06-20T03:50:00,167.0,4.025000035762787,70.84166666666667,0.0,0.0541666666666666,0.0,0.0,249.0,170.0,171.0,245.0,170.0,173.0,239.0,183.0,187.0,181.0
1839,2018-06-20T03:55:00,168.0,4.186000049114227,68.75862068965517,0.0,0.0541666666666666,0.0,0.0,167.0,249.0,170.0,171.0,245.0,170.0,173.0,239.0,183.0,209.0
1840,2018-06-20T04:00:00,251.0,7.728000044822693,72.45454545454545,29.0,0.0541666666666666,0.0,0.0,168.0,167.0,249.0,170.0,171.0,245.0,170.0,173.0,239.0,246.0
1841,2018-06-20T04:05:00,181.0,5.473999977111816,78.37391304347825,13.0,0.0541666666666666,0.4,0.0,251.0,168.0,167.0,249.0,170.0,171.0,245.0,170.0,173.0,196.0
1842,2018-06-20T04:10:00,209.0,6.600999891757965,71.52991452991454,20.0,0.0541666666666666,0.0,0.0,181.0,251.0,168.0,167.0,249.0,170.0,171.0,245.0,170.0,205.0
1843,2018-06-20T04:15:00,246.0,4.105500042438507,65.69026548672566,0.0,0.0541666666666666,0.0,0.0,209.0,181.0,251.0,168.0,167.0,249.0,170.0,171.0,245.0,229.0
1844,2018-06-20T04:20:00,196.0,4.025000035762787,66.22314049586777,0.0,0.0541666666666666,0.0,0.0,246.0,209.0,181.0,251.0,168.0,167.0,249.0,170.0,171.0,213.0
1845,2018-06-20T04:25:00,205.0,4.025000035762787,67.09565217391304,0.0,0.0541666666666666,0.0,0.0,196.0,246.0,209.0,181.0,251.0,168.0,167.0,249.0,170.0,208.0
1846,2018-06-20T04:30:00,229.0,4.025000035762787,65.31623931623932,0.0,0.0541666666666666,0.0,0.0,205.0,196.0,246.0,209.0,181.0,251.0,168.0,167.0,249.0,218.0
1847,2018-06-20T04:35:00,213.0,4.025000035762787,66.51785714285714,0.0,0.0541666666666666,0.0,0.0,229.0,205.0,196.0,246.0,209.0,181.0,251.0,168.0,167.0,185.0
1848,2018-06-20T04:40:00,208.0,4.025000035762787,68.384,0.0,0.0541666666666666,0.0,0.0,213.0,229.0,205.0,196.0,246.0,209.0,181.0,251.0,168.0,173.0
1849,2018-06-20T04:45:00,218.0,4.025000035762787,68.26666666666667,0.0,0.0541666666666666,0.0,0.0,208.0,213.0,229.0,205.0,196.0,246.0,209.0,181.0,251.0,205.0
1850,2018-06-20T04:50:00,185.0,4.025000035762787,68.88888888888889,0.0,0.0541666666666666,0.0,0.0,218.0,208.0,213.0,229.0,205.0,196.0,246.0,209.0,181.0,152.0
1851,2018-06-20T04:55:00,173.0,4.025000035762787,70.39830508474576,0.0,0.0541666666666666,0.0,0.0,185.0,218.0,208.0,213.0,229.0,205.0,196.0,246.0,209.0,143.0
1852,2018-06-20T05:00:00,205.0,4.025000035762787,68.6,0.0,0.0416666666666666,0.0,0.0,173.0,185.0,218.0,208.0,213.0,229.0,205.0,196.0,246.0,182.0
1853,2018-06-20T05:05:00,152.0,4.025000035762787,66.19642857142857,0.0,0.0416666666666666,0.0,0.0,205.0,173.0,185.0,218.0,208.0,213.0,229.0,205.0,196.0,121.0
1854,2018-06-20T05:10:00,143.0,4.025000035762787,65.56521739130434,0.0,0.0416666666666666,0.0,0.0,152.0,205.0,173.0,185.0,218.0,208.0,213.0,229.0,205.0,112.0
1855,2018-06-20T05:15:00,182.0,4.025000035762787,65.82089552238806,0.0,0.0416666666666666,0.0,0.0,143.0,152.0,205.0,173.0,185.0,218.0,208.0,213.0,229.0,176.0
1856,2018-06-20T05:20:00,121.0,4.025000035762787,64.23015873015873,0.0,0.0416666666666666,0.0,0.0,182.0,143.0,152.0,205.0,173.0,185.0,218.0,208.0,213.0,93.0
1857,2018-06-20T05:25:00,112.0,4.025000035762787,63.43703703703704,0.0,0.0416666666666666,0.0,0.0,121.0,182.0,143.0,152.0,205.0,173.0,185.0,218.0,208.0,134.5
1858,2018-06-20T05:30:00,176.0,4.025000035762787,66.0,0.0,0.0416666666666666,0.0,0.0,112.0,121.0,182.0,143.0,152.0,205.0,173.0,185.0,218.0,176.0
1859,2018-06-20T05:35:00,93.0,4.025000035762787,60.77692307692308,0.0,0.0416666666666666,0.0,0.0,176.0,112.0,121.0,182.0,143.0,152.0,205.0,173.0,185.0,171.0
1860,2018-06-20T05:40:00,134.5,4.105500042438507,63.15573770491803,0.0,0.0416666666666666,0.0,0.0,93.0,176.0,112.0,121.0,182.0,143.0,152.0,205.0,173.0,166.0
1861,2018-06-20T05:45:00,176.0,4.105500042438507,64.15517241379311,0.0,0.0416666666666666,0.0,0.0,134.5,93.0,176.0,112.0,121.0,182.0,143.0,152.0,205.0,161.0
1862,2018-06-20T05:50:00,171.0,4.025000035762787,61.57142857142857,0.0,0.0416666666666666,0.0,0.0,176.0,134.5,93.0,176.0,112.0,121.0,182.0,143.0,152.0,156.66666666666666
1863,2018-06-20T05:55:00,166.0,4.025000035762787,60.69911504424779,0.0,0.0416666666666666,0.0,0.0,171.0,176.0,134.5,93.0,176.0,112.0,121.0,182.0,143.0,152.33333333333334
1864,2018-06-20T06:00:00,161.0,4.025000035762787,61.01680672268908,0.0,0.0416666666666666,0.0,0.0,166.0,171.0,176.0,134.5,93.0,176.0,112.0,121.0,182.0,148.0
1865,2018-06-20T06:05:00,156.66666666666666,4.105500042438507,62.68595041322314,0.0,0.0416666666666666,0.0,0.0,161.0,166.0,171.0,176.0,134.5,93.0,176.0,112.0,121.0,150.33333333333334
1866,2018-06-20T06:10:00,152.33333333333334,4.025000035762787,60.94166666666667,0.0,0.0416666666666666,0.0,0.0,156.66666666666666,161.0,166.0,171.0,176.0,134.5,93.0,176.0,112.0,152.66666666666666
1867,2018-06-20T06:15:00,148.0,4.105500042438507,62.89312977099237,0.0,0.0416666666666666,0.0,0.0,152.33333333333334,156.66666666666666,161.0,166.0,171.0,176.0,134.5,93.0,176.0,155.0
1868,2018-06-20T06:20:00,150.33333333333334,4.025000035762787,61.983870967741936,0.0,0.0416666666666666,0.0,0.0,148.0,152.33333333333334,156.66666666666666,161.0,166.0,171.0,176.0,134.5,93.0,156.0
1869,2018-06-20T06:25:00,152.66666666666666,4.025000035762787,62.71052631578947,0.0,0.0416666666666666,0.0,0.0,150.33333333333334,148.0,152.33333333333334,156.66666666666666,161.0,166.0,171.0,176.0,134.5,157.0
1870,2018-06-20T06:30:00,155.0,4.025000035762787,62.833333333333336,0.0,0.0416666666666666,0.0,0.0,152.66666666666666,150.33333333333334,148.0,152.33333333333334,156.66666666666666,161.0,166.0,171.0,176.0,158.0
1871,2018-06-20T06:35:00,156.0,4.025000035762787,63.08695652173913,0.0,0.0416666666666666,0.0,0.0,155.0,152.66666666666666,150.33333333333334,148.0,152.33333333333334,156.66666666666666,161.0,166.0,171.0,159.66666666666666
1872,2018-06-20T06:40:00,157.0,4.025000035762787,64.0569105691057,0.0,0.0416666666666666,0.0,0.0,156.0,155.0,152.66666666666666,150.33333333333334,148.0,152.33333333333334,156.66666666666666,161.0,166.0,161.33333333333334
1873,2018-06-20T06:45:00,158.0,4.025000035762787,62.44915254237288,0.0,0.0416666666666666,0.0,0.0,157.0,156.0,155.0,152.66666666666666,150.33333333333334,148.0,152.33333333333334,156.66666666666666,161.0,163.0
1874,2018-06-20T06:50:00,159.66666666666666,4.025000035762787,62.59130434782609,0.0,0.0416666666666666,0.0,0.0,158.0,157.0,156.0,155.0,152.66666666666666,150.33333333333334,148.0,152.33333333333334,156.66666666666666,164.0
1875,2018-06-20T06:55:00,161.33333333333334,4.105500042438507,63.093023255813954,0.0,0.0416666666666666,0.0,0.0,159.66666666666666,158.0,157.0,156.0,155.0,152.66666666666666,150.33333333333334,148.0,152.33333333333334,165.0
1876,2018-06-20T07:00:00,163.0,4.025000035762787,60.73913043478261,0.0,0.0416666666666666,0.0,0.0,161.33333333333334,159.66666666666666,158.0,157.0,156.0,155.0,152.66666666666666,150.33333333333334,148.0,166.0
1877,2018-06-20T07:05:00,164.0,4.025000035762787,58.32173913043479,0.0,0.0416666666666666,0.0,0.0,163.0,161.33333333333334,159.66666666666666,158.0,157.0,156.0,155.0,152.66666666666666,150.33333333333334,166.33333333333334
1878,2018-06-20T07:10:00,165.0,4.025000035762787,57.52,0.0,0.0416666666666666,0.0,0.0,164.0,163.0,161.33333333333334,159.66666666666666,158.0,157.0,156.0,155.0,152.66666666666666,166.66666666666666
1879,2018-06-20T07:15:00,166.0,4.025000035762787,58.375,0.0,0.0416666666666666,0.0,0.0,165.0,164.0,163.0,161.33333333333334,159.66666666666666,158.0,157.0,156.0,155.0,167.0
1880,2018-06-20T07:20:00,166.33333333333334,4.025000035762787,57.849557522123895,0.0,0.0416666666666666,0.0,0.0,166.0,165.0,164.0,163.0,161.33333333333334,159.66666666666666,158.0,157.0,156.0,166.66666666666666
1881,2018-06-20T07:25:00,166.66666666666666,4.025000035762787,58.42982456140351,0.0,0.0416666666666666,0.0,0.0,166.33333333333334,166.0,165.0,164.0,163.0,161.33333333333334,159.66666666666666,158.0,157.0,166.33333333333334
1882,2018-06-20T07:30:00,167.0,4.025000035762787,62.38135593220339,0.0,0.0416666666666666,0.0,0.0,166.66666666666666,166.33333333333334,166.0,165.0,164.0,163.0,161.33333333333334,159.66666666666666,158.0,166.0
1883,2018-06-20T07:35:00,166.66666666666666,4.025000035762787,62.791304347826085,0.0,0.0416666666666666,0.0,0.0,167.0,166.66666666666666,166.33333333333334,166.0,165.0,164.0,163.0,161.33333333333334,159.66666666666666,166.33333333333334
1884,2018-06-20T07:40:00,166.33333333333334,4.025000035762787,62.85321100917431,0.0,0.0416666666666666,0.0,0.0,166.66666666666666,167.0,166.66666666666666,166.33333333333334,166.0,165.0,164.0,163.0,161.33333333333334,166.66666666666666
1885,2018-06-20T07:45:00,166.0,4.025000035762787,62.69724770642202,0.0,0.0416666666666666,0.0,0.0,166.33333333333334,166.66666666666666,167.0,166.66666666666666,166.33333333333334,166.0,165.0,164.0,163.0,167.0
1886,2018-06-20T07:50:00,166.33333333333334,4.025000035762787,62.97391304347826,0.0,0.0416666666666666,0.0,0.0,166.0,166.33333333333334,166.66666666666666,167.0,166.66666666666666,166.33333333333334,166.0,165.0,164.0,165.66666666666666
1887,2018-06-20T07:55:00,166.66666666666666,4.025000035762787,62.96491228070175,0.0,0.0416666666666666,0.0,0.0,166.33333333333334,166.0,166.33333333333334,166.66666666666666,167.0,166.66666666666666,166.33333333333334,166.0,165.0,164.33333333333334
1888,2018-06-20T08:00:00,167.0,4.025000035762787,65.09909909909909,0.0,0.0416666666666666,0.0,0.0,166.66666666666666,166.33333333333334,166.0,166.33333333333334,166.66666666666666,167.0,166.66666666666666,166.33333333333334,166.0,163.0
1889,2018-06-20T08:05:00,165.66666666666666,4.105500042438507,65.19148936170212,0.0,0.0416666666666666,0.0,0.0,167.0,166.66666666666666,166.33333333333334,166.0,166.33333333333334,166.66666666666666,167.0,166.66666666666666,166.33333333333334,163.66666666666666
1890,2018-06-20T08:10:00,164.33333333333334,4.025000035762787,62.1864406779661,0.0,0.0416666666666666,0.0,0.0,165.66666666666666,167.0,166.66666666666666,166.33333333333334,166.0,166.33333333333334,166.66666666666666,167.0,166.66666666666666,164.33333333333334
1891,2018-06-20T08:15:00,163.0,4.025000035762787,62.469565217391306,0.0,0.0416666666666666,0.0,0.0,164.33333333333334,165.66666666666666,167.0,166.66666666666666,166.33333333333334,166.0,166.33333333333334,166.66666666666666,167.0,165.0
1892,2018-06-20T08:20:00,163.66666666666666,4.025000035762787,61.796460176991154,0.0,0.0416666666666666,0.0,0.0,163.0,164.33333333333334,165.66666666666666,167.0,166.66666666666666,166.33333333333334,166.0,166.33333333333334,166.66666666666666,162.0
1893,2018-06-20T08:25:00,164.33333333333334,4.025000035762787,66.33582089552239,0.0,0.0416666666666666,0.0,0.0,163.66666666666666,163.0,164.33333333333334,165.66666666666666,167.0,166.66666666666666,166.33333333333334,166.0,166.33333333333334,159.0
1894,2018-06-20T08:30:00,165.0,5.473999977111816,70.42857142857143,25.0,0.0416666666666666,0.0,0.0,164.33333333333334,163.66666666666666,163.0,164.33333333333334,165.66666666666666,167.0,166.66666666666666,166.33333333333334,166.0,173.0
1895,2018-06-20T08:35:00,162.0,9.5794997215271,88.24166666666666,27.0,0.0416666666666666,0.0,0.0,165.0,164.33333333333334,163.66666666666666,163.0,164.33333333333334,165.66666666666666,167.0,166.66666666666666,166.33333333333334,155.0
1896,2018-06-20T08:40:00,159.0,4.829999923706055,81.19658119658119,0.0,0.0416666666666666,2.5,2.5,162.0,165.0,164.33333333333334,163.66666666666666,163.0,164.33333333333334,165.66666666666666,167.0,166.66666666666666,155.0
1897,2018-06-20T08:45:00,173.0,4.186000049114227,70.90756302521008,0.0,0.0416666666666666,0.0,0.0,159.0,162.0,165.0,164.33333333333334,163.66666666666666,163.0,164.33333333333334,165.66666666666666,167.0,220.0
1898,2018-06-20T08:50:00,155.0,4.105500042438507,69.27272727272727,0.0,0.0416666666666666,0.0,0.0,173.0,159.0,162.0,165.0,164.33333333333334,163.66666666666666,163.0,164.33333333333334,165.66666666666666,165.0
1899,2018-06-20T08:55:00,155.0,5.3130000829696655,72.67521367521367,0.0,0.0416666666666666,0.0,0.0,155.0,173.0,159.0,162.0,165.0,164.33333333333334,163.66666666666666,163.0,164.33333333333334,200.0
1900,2018-06-20T09:00:00,220.0,5.473999977111816,79.75925925925925,15.0,0.0375,0.0,0.0,155.0,155.0,173.0,159.0,162.0,165.0,164.33333333333334,163.66666666666666,163.0,256.0
1901,2018-06-20T09:05:00,165.0,4.347000062465668,75.14814814814815,0.0,0.0375,0.0,0.0,220.0,155.0,155.0,173.0,159.0,162.0,165.0,164.33333333333334,163.66666666666666,292.0
1902,2018-06-20T09:10:00,200.0,5.554499983787537,72.44155844155844,0.0,0.0375,0.0,0.0,165.0,220.0,155.0,155.0,173.0,159.0,162.0,165.0,164.33333333333334,311.0
1903,2018-06-20T09:15:00,256.0,4.025000035762787,72.30156900191334,0.0,0.0375,0.0,0.0,200.0,165.0,220.0,155.0,155.0,173.0,159.0,162.0,165.0,256.0
1904,2018-06-20T09:20:00,292.0,4.025000035762787,73.3781712080524,0.0,0.0375,0.0,0.0,256.0,200.0,165.0,220.0,155.0,155.0,173.0,159.0,162.0,342.0
1905,2018-06-20T09:25:00,311.0,4.025000035762787,75.34669737831021,0.0,0.0375,0.0,0.0,292.0,256.0,200.0,165.0,220.0,155.0,155.0,173.0,159.0,367.0
1906,2018-06-20T09:30:00,256.0,4.025000035762787,77.8824798310215,0.0,0.0375,0.0,0.0,311.0,292.0,256.0,200.0,165.0,220.0,155.0,155.0,173.0,266.0
1907,2018-06-20T09:35:00,342.0,4.025000035762787,80.66085088452084,0.0,0.0375,0.0,0.0,256.0,311.0,292.0,256.0,200.0,165.0,220.0,155.0,155.0,366.0
1908,2018-06-20T09:40:00,367.0,9.659999787807465,83.35714285714286,50.0,0.0375,0.0,0.0,342.0,256.0,311.0,292.0,256.0,200.0,165.0,220.0,155.0,351.0
1909,2018-06-20T09:45:00,266.0,8.532999873161316,84.15652173913044,35.0,0.0375,0.0,0.0,367.0,342.0,256.0,311.0,292.0,256.0,200.0,165.0,220.0,251.0
1910,2018-06-20T09:50:00,366.0,9.096499860286713,78.7107438016529,46.0,0.0375,0.0,0.0,266.0,367.0,342.0,256.0,311.0,292.0,256.0,200.0,165.0,348.0
1911,2018-06-20T09:55:00,351.0,10.384499847888948,77.05454545454545,99.0,0.0375,0.0,0.0,366.0,266.0,367.0,342.0,256.0,311.0,292.0,256.0,200.0,333.0
1912,2018-06-20T10:00:00,251.0,11.430999755859377,86.98373983739837,54.0,0.0375,0.0,0.0,351.0,366.0,266.0,367.0,342.0,256.0,311.0,292.0,256.0,230.0
1913,2018-06-20T10:05:00,348.0,4.347000062465668,79.86440677966101,0.0,0.0375,0.0,0.0,251.0,351.0,366.0,266.0,367.0,342.0,256.0,311.0,292.0,286.0
1914,2018-06-20T10:10:00,333.0,4.749499976634979,82.01666666666667,0.0,0.0375,0.0,0.0,348.0,251.0,351.0,366.0,266.0,367.0,342.0,256.0,311.0,270.0
1915,2018-06-20T10:15:00,230.0,21.734999895095825,101.11180124223604,438.0,0.0375,0.0,0.0,333.0,348.0,251.0,351.0,366.0,266.0,367.0,342.0,256.0,218.0
1916,2018-06-20T10:20:00,286.0,14.490000188350676,95.25766871165644,103.0,0.0375,0.0,0.0,230.0,333.0,348.0,251.0,351.0,366.0,266.0,367.0,342.0,234.0
1917,2018-06-20T10:25:00,270.0,4.105500042438507,77.66666666666667,0.0,0.0375,0.0,0.0,286.0,230.0,333.0,348.0,251.0,351.0,366.0,266.0,367.0,209.0
1918,2018-06-20T10:30:00,218.0,4.105500042438507,74.76923076923077,0.0,0.0375,0.0,0.0,270.0,286.0,230.0,333.0,348.0,251.0,351.0,366.0,266.0,197.0
1919,2018-06-20T10:35:00,234.0,4.266500055789948,78.25,0.0,0.0375,0.0,0.0,218.0,270.0,286.0,230.0,333.0,348.0,251.0,351.0,366.0,191.0
1920,2018-06-20T10:40:00,209.0,15.536499977111816,92.62608695652176,264.0,0.0375,0.0,0.0,234.0,218.0,270.0,286.0,230.0,333.0,348.0,251.0,351.0,177.0
1921,2018-06-20T10:45:00,197.0,19.883500576019287,102.06944444444444,373.0,0.0375,0.0,0.0,209.0,234.0,218.0,270.0,286.0,230.0,333.0,348.0,251.0,194.0
1922,2018-06-20T10:50:00,191.0,6.117999851703644,90.15447154471543,6.0,0.0375,0.0,0.0,197.0,209.0,234.0,218.0,270.0,286.0,230.0,333.0,348.0,147.0
1923,2018-06-20T10:55:00,177.0,14.651000082492828,86.65486725663717,259.0,0.0375,0.0,0.0,191.0,197.0,209.0,234.0,218.0,270.0,286.0,230.0,333.0,134.0
1924,2018-06-20T11:00:00,194.0,23.82800030708313,93.6198347107438,431.0,0.0375,0.0,0.0,177.0,191.0,197.0,209.0,234.0,218.0,270.0,286.0,230.0,172.0
1925,2018-06-20T11:05:00,147.0,11.430999875068665,98.25,133.0,0.0375,0.0,0.0,194.0,177.0,191.0,197.0,209.0,234.0,218.0,270.0,286.0,133.0
1926,2018-06-20T11:10:00,134.0,4.9105000495910645,88.76271186440678,0.0,0.0375,0.0,0.0,147.0,194.0,177.0,191.0,197.0,209.0,234.0,218.0,270.0,125.0
1927,2018-06-20T11:15:00,172.0,14.08750021457672,103.9298245614035,121.0,0.0375,0.0,0.0,134.0,147.0,194.0,177.0,191.0,197.0,209.0,234.0,218.0,170.0
1928,2018-06-20T11:20:00,133.0,8.774500012397766,98.359649122807,11.0,0.0375,0.0,0.0,172.0,134.0,147.0,194.0,177.0,191.0,197.0,209.0,234.0,112.0
1929,2018-06-20T11:25:00,125.0,4.8299999833107,84.43801652892562,0.0,0.0,0.0,0.0,133.0,172.0,134.0,147.0,194.0,177.0,191.0,197.0,209.0,111.0
1930,2018-06-20T11:30:00,170.0,13.363000273704529,95.10526315789474,156.0,0.0,0.0,0.0,125.0,133.0,172.0,134.0,147.0,194.0,177.0,191.0,197.0,193.0
1931,2018-06-20T11:35:00,112.0,6.520500004291534,89.35593220338983,0.0,0.0,0.0,0.0,170.0,125.0,133.0,172.0,134.0,147.0,194.0,177.0,191.0,209.66666666666663
1932,2018-06-20T11:40:00,111.0,6.43999981880188,86.34210526315789,23.0,0.0,0.0,0.0,112.0,170.0,125.0,133.0,172.0,134.0,147.0,194.0,177.0,226.33333333333331
1933,2018-06-20T11:45:00,193.0,4.99099999666214,94.0,0.0,0.0,0.0,0.0,111.0,112.0,170.0,125.0,133.0,172.0,134.0,147.0,194.0,243.0
1934,2018-06-20T11:50:00,209.66666666666663,6.520500063896179,99.56115107913668,0.0,0.0375,0.0,0.0,193.0,111.0,112.0,170.0,125.0,133.0,172.0,134.0,147.0,258.3333333333333
1935,2018-06-20T11:55:00,226.33333333333331,5.393499970436096,98.36567164179104,0.0,0.0375,0.0,0.0,209.66666666666663,193.0,111.0,112.0,170.0,125.0,133.0,172.0,134.0,273.6666666666667
1936,2018-06-20T12:00:00,243.0,5.071499943733215,94.88793103448276,0.0,0.0375,0.0,0.0,226.33333333333331,209.66666666666663,193.0,111.0,112.0,170.0,125.0,133.0,172.0,289.0
1937,2018-06-20T12:05:00,258.3333333333333,4.99099999666214,93.8411214953271,0.0,0.0375,0.0,0.0,243.0,226.33333333333331,209.66666666666663,193.0,111.0,112.0,170.0,125.0,133.0,300.6666666666667
1938,2018-06-20T12:10:00,273.6666666666667,5.151999890804291,92.25225225225223,0.0,0.0375,0.0,0.0,258.3333333333333,243.0,226.33333333333331,209.66666666666663,193.0,111.0,112.0,170.0,125.0,312.3333333333333
1939,2018-06-20T12:15:00,289.0,4.910499930381775,86.83050847457628,0.0,0.0375,0.0,0.0,273.6666666666667,258.3333333333333,243.0,226.33333333333331,209.66666666666663,193.0,111.0,112.0,170.0,324.0
1940,2018-06-20T12:20:00,300.6666666666667,6.520500004291534,87.71428571428571,26.0,0.0375,0.0,0.0,289.0,273.6666666666667,258.3333333333333,243.0,226.33333333333331,209.66666666666663,193.0,111.0,112.0,331.0
1941,2018-06-20T12:25:00,312.3333333333333,25.11600017547608,117.25179856115108,450.0,0.0375,0.0,0.0,300.6666666666667,289.0,273.6666666666667,258.3333333333333,243.0,226.33333333333331,209.66666666666663,193.0,111.0,338.0
1942,2018-06-20T12:30:00,324.0,12.316500067710876,99.72463768115942,151.0,0.0375,0.0,0.0,312.3333333333333,300.6666666666667,289.0,273.6666666666667,258.3333333333333,243.0,226.33333333333331,209.66666666666663,193.0,345.0
1943,2018-06-20T12:35:00,331.0,4.830000102519989,87.5603448275862,0.0,0.0375,0.0,0.0,324.0,312.3333333333333,300.6666666666667,289.0,273.6666666666667,258.3333333333333,243.0,226.33333333333331,209.66666666666663,347.6666666666667
1944,2018-06-20T12:40:00,338.0,4.830000102519989,84.56349206349206,0.0,0.0375,0.0,0.0,331.0,324.0,312.3333333333333,300.6666666666667,289.0,273.6666666666667,258.3333333333333,243.0,226.33333333333331,350.3333333333333
1945,2018-06-20T12:45:00,345.0,4.669000029563904,82.61016949152543,0.0,0.0375,0.0,0.0,338.0,331.0,324.0,312.3333333333333,300.6666666666667,289.0,273.6666666666667,258.3333333333333,243.0,353.0
1946,2018-06-20T12:50:00,347.6666666666667,5.393499970436096,80.16,0.0,0.0375,0.0,0.0,345.0,338.0,331.0,324.0,312.3333333333333,300.6666666666667,289.0,273.6666666666667,258.3333333333333,355.0
1947,2018-06-20T12:55:00,350.3333333333333,4.8299999833107,83.0703125,0.0,0.0375,1.5,0.0,347.6666666666667,345.0,338.0,331.0,324.0,312.3333333333333,300.6666666666667,289.0,273.6666666666667,357.0
1948,2018-06-20T13:00:00,353.0,20.76900029182434,98.15384615384616,416.0,0.0375,0.0,0.0,350.3333333333333,347.6666666666667,345.0,338.0,331.0,324.0,312.3333333333333,300.6666666666667,289.0,359.0
1949,2018-06-20T13:05:00,355.0,21.090999841690063,103.8074074074074,498.0,0.0375,0.0,0.0,353.0,350.3333333333333,347.6666666666667,345.0,338.0,331.0,324.0,312.3333333333333,300.6666666666667,327.0
1950,2018-06-20T13:10:00,357.0,4.99099999666214,93.21311475409836,0.0,0.0375,0.0,0.0,355.0,353.0,350.3333333333333,347.6666666666667,345.0,338.0,331.0,324.0,312.3333333333333,295.0
1951,2018-06-20T13:15:00,359.0,6.43999981880188,91.8608695652174,0.0,0.0375,0.0,0.0,357.0,355.0,353.0,350.3333333333333,347.6666666666667,345.0,338.0,331.0,324.0,313.0
1952,2018-06-20T13:20:00,327.0,17.227000176906586,101.77272727272728,289.0,0.0375,0.5,0.0,359.0,357.0,355.0,353.0,350.3333333333333,347.6666666666667,345.0,338.0,331.0,303.0
1953,2018-06-20T13:25:00,295.0,7.888999938964844,99.9423076923077,28.0,0.0375,0.0,0.0,327.0,359.0,357.0,355.0,353.0,350.3333333333333,347.6666666666667,345.0,338.0,293.0
1954,2018-06-20T13:30:00,313.0,8.130499958992004,91.51282051282053,33.0,0.0375,0.0,0.0,295.0,327.0,359.0,357.0,355.0,353.0,350.3333333333333,347.6666666666667,345.0,291.0
1955,2018-06-20T13:35:00,303.0,4.9105000495910645,85.68548387096774,0.0,0.0375,0.0,0.0,313.0,295.0,327.0,359.0,357.0,355.0,353.0,350.3333333333333,347.6666666666667,271.0
1956,2018-06-20T13:40:00,293.0,4.91049998998642,83.76859504132231,0.0,0.0375,0.0,0.0,303.0,313.0,295.0,327.0,359.0,357.0,355.0,353.0,350.3333333333333,262.0
1957,2018-06-20T13:45:00,291.0,15.21449989080429,97.8,213.0,0.0375,0.0,0.0,293.0,303.0,313.0,295.0,327.0,359.0,357.0,355.0,353.0,278.0
1958,2018-06-20T13:50:00,271.0,25.196500062942505,119.6031746031746,318.0,0.0375,0.0,0.0,291.0,293.0,303.0,313.0,295.0,327.0,359.0,357.0,355.0,244.0
1959,2018-06-20T13:55:00,262.0,5.312999904155731,99.77586206896552,0.0,0.0375,0.0,0.0,271.0,291.0,293.0,303.0,313.0,295.0,327.0,359.0,357.0,238.0
1960,2018-06-20T14:00:00,278.0,14.570499658584597,108.04477611940298,134.0,0.0375,0.0,0.0,262.0,271.0,291.0,293.0,303.0,313.0,295.0,327.0,359.0,247.0
1961,2018-06-20T14:05:00,244.0,30.10699987411499,129.5984251968504,376.0,0.0375,0.0,0.0,278.0,262.0,271.0,291.0,293.0,303.0,313.0,295.0,327.0,205.0
1962,2018-06-20T14:10:00,238.0,18.756500244140625,110.9290780141844,96.0,0.0375,0.0,0.0,244.0,278.0,262.0,271.0,291.0,293.0,303.0,313.0,295.0,193.0
1963,2018-06-20T14:15:00,247.0,6.8424999713897705,101.32786885245902,0.0,0.0375,0.0,0.0,238.0,244.0,278.0,262.0,271.0,291.0,293.0,303.0,313.0,217.0
1964,2018-06-20T14:20:00,205.0,11.189500093460085,102.5546218487395,49.0,0.0375,0.0,0.0,247.0,238.0,244.0,278.0,262.0,271.0,291.0,293.0,303.0,177.0
1965,2018-06-20T14:25:00,193.0,22.540000677108765,113.72519083969466,340.0,0.0375,0.0,0.0,205.0,247.0,238.0,244.0,278.0,262.0,271.0,291.0,293.0,174.0
1966,2018-06-20T14:30:00,217.0,4.99099999666214,94.95522388059702,0.0,0.0375,0.0,0.0,193.0,205.0,247.0,238.0,244.0,278.0,262.0,271.0,291.0,205.0
1967,2018-06-20T14:35:00,177.0,22.379000663757324,105.24468085106383,408.0,0.0375,0.0,0.0,217.0,193.0,205.0,247.0,238.0,244.0,278.0,262.0,271.0,157.0
1968,2018-06-20T14:40:00,174.0,12.236000061035154,104.49324324324324,60.0,0.0375,0.0,0.0,177.0,217.0,193.0,205.0,247.0,238.0,244.0,278.0,262.0,152.0
1969,2018-06-20T14:45:00,205.0,11.189499855041504,91.856,77.0,0.0375,0.0,0.0,174.0,177.0,217.0,193.0,205.0,247.0,238.0,244.0,278.0,192.0
1970,2018-06-20T14:50:00,157.0,8.935500085353851,102.22047244094487,41.0,0.0375,0.0,0.0,205.0,174.0,177.0,217.0,193.0,205.0,247.0,238.0,244.0,146.0
1971,2018-06-20T14:55:00,152.0,11.43099999427795,104.22222222222224,34.0,0.0375,0.0,0.0,157.0,205.0,174.0,177.0,217.0,193.0,205.0,247.0,238.0,138.0
1972,2018-06-20T15:00:00,192.0,15.456000089645386,102.97520661157024,107.0,0.0375,0.0,0.0,152.0,157.0,205.0,174.0,177.0,217.0,193.0,205.0,247.0,186.0
1973,2018-06-20T15:05:00,146.0,14.892500400543211,106.03418803418803,69.0,0.0375,0.0,0.0,192.0,152.0,157.0,205.0,174.0,177.0,217.0,193.0,205.0,128.0
1974,2018-06-20T15:10:00,138.0,12.799500465393066,105.95,0.0,0.0375,0.0,0.0,146.0,192.0,152.0,157.0,205.0,174.0,177.0,217.0,193.0,132.0
1975,2018-06-20T15:15:00,186.0,10.303999900817873,97.88188976377953,40.0,0.0375,4.0,4.0,138.0,146.0,192.0,152.0,157.0,205.0,174.0,177.0,217.0,264.0
1976,2018-06-20T15:20:00,128.0,4.99099999666214,94.44029850746269,0.0,0.0375,0.0,0.0,186.0,138.0,146.0,192.0,152.0,157.0,205.0,174.0,177.0,160.0
1977,2018-06-20T15:25:00,132.0,5.151999890804291,96.44715447154472,0.0,0.0375,0.0,0.0,128.0,186.0,138.0,146.0,192.0,152.0,157.0,205.0,174.0,173.0
1978,2018-06-20T15:30:00,264.0,5.071499943733215,98.85,0.0,0.0375,0.0,0.0,132.0,128.0,186.0,138.0,146.0,192.0,152.0,157.0,205.0,305.0
1979,2018-06-20T15:35:00,160.0,6.359499990940095,95.9504132231405,12.0,0.0375,0.0,0.0,264.0,132.0,128.0,186.0,138.0,146.0,192.0,152.0,157.0,199.0
1980,2018-06-20T15:40:00,173.0,12.558000028133392,101.14173228346456,34.0,0.0375,0.0,0.0,160.0,264.0,132.0,128.0,186.0,138.0,146.0,192.0,152.0,201.0
1981,2018-06-20T15:45:00,305.0,18.51500034332276,109.41121495327104,145.0,0.0375,0.0,0.0,173.0,160.0,264.0,132.0,128.0,186.0,138.0,146.0,192.0,298.0
1982,2018-06-20T15:50:00,199.0,14.731500148773192,104.2,131.0,0.0375,0.0,0.0,305.0,173.0,160.0,264.0,132.0,128.0,186.0,138.0,146.0,207.0
1983,2018-06-20T15:55:00,201.0,8.935500025749207,97.04166666666669,19.0,0.0375,0.0,0.0,199.0,305.0,173.0,160.0,264.0,132.0,128.0,186.0,138.0,212.0
1984,2018-06-20T16:00:00,298.0,4.427500009536743,89.5725806451613,0.0,0.0375,0.0,0.0,201.0,199.0,305.0,173.0,160.0,264.0,132.0,128.0,186.0,303.0
1985,2018-06-20T16:05:00,207.0,4.186000049114227,88.60344827586206,0.0,0.0375,0.0,0.0,298.0,201.0,199.0,305.0,173.0,160.0,264.0,132.0,128.0,200.0
1986,2018-06-20T16:10:00,212.0,4.186000049114227,88.65573770491804,0.0,0.0375,0.0,0.0,207.0,298.0,201.0,199.0,305.0,173.0,160.0,264.0,132.0,192.0
1987,2018-06-20T16:15:00,303.0,4.508000075817108,88.50375939849624,0.0,0.0375,0.0,0.0,212.0,207.0,298.0,201.0,199.0,305.0,173.0,160.0,264.0,279.0
1988,2018-06-20T16:20:00,200.0,4.8299999833107,89.18487394957984,0.0,0.0375,0.0,0.0,303.0,212.0,207.0,298.0,201.0,199.0,305.0,173.0,160.0,176.0
1989,2018-06-20T16:25:00,192.0,4.186000049114227,88.08870967741936,0.0,0.0375,0.0,0.0,200.0,303.0,212.0,207.0,298.0,201.0,199.0,305.0,173.0,170.0
1990,2018-06-20T16:30:00,279.0,4.186000049114227,87.15322580645162,0.0,0.0375,0.0,0.0,192.0,200.0,303.0,212.0,207.0,298.0,201.0,199.0,305.0,257.0
1991,2018-06-20T16:35:00,176.0,4.588500022888184,88.05833333333334,0.0,0.0375,0.0,0.0,279.0,192.0,200.0,303.0,212.0,207.0,298.0,201.0,199.0,160.0
1992,2018-06-20T16:40:00,170.0,4.347000062465668,87.4322033898305,0.0,0.0375,0.0,0.0,176.0,279.0,192.0,200.0,303.0,212.0,207.0,298.0,201.0,144.0
1993,2018-06-20T16:45:00,257.0,4.025000035762787,88.63414634146342,0.0,0.0375,0.0,0.0,170.0,176.0,279.0,192.0,200.0,303.0,212.0,207.0,298.0,258.0
1994,2018-06-20T16:50:00,160.0,4.186000049114227,88.25210084033614,0.0,0.0375,0.0,0.0,257.0,170.0,176.0,279.0,192.0,200.0,303.0,212.0,207.0,129.0
1995,2018-06-20T16:55:00,144.0,4.668999969959259,88.73770491803279,0.0,0.0375,0.0,0.0,160.0,257.0,170.0,176.0,279.0,192.0,200.0,303.0,212.0,129.0
1996,2018-06-20T17:00:00,258.0,4.025000035762787,88.65693430656934,0.0,0.0916666666666666,0.0,0.0,144.0,160.0,257.0,170.0,176.0,279.0,192.0,200.0,303.0,271.0
1997,2018-06-20T17:05:00,129.0,4.025000035762787,91.3925925925926,0.0,0.0916666666666666,0.0,0.0,258.0,144.0,160.0,257.0,170.0,176.0,279.0,192.0,200.0,140.0
1998,2018-06-20T17:10:00,129.0,4.025000035762787,89.89855072463769,0.0,0.0916666666666666,0.0,0.0,129.0,258.0,144.0,160.0,257.0,170.0,176.0,279.0,192.0,148.0
1999,2018-06-20T17:15:00,271.0,4.025000035762787,89.38059701492537,0.0,0.0916666666666666,0.0,0.0,129.0,129.0,258.0,144.0,160.0,257.0,170.0,176.0,279.0,270.0
2000,2018-06-20T17:20:00,140.0,4.910499930381775,92.47863247863248,0.0,0.0916666666666666,0.0,0.0,271.0,129.0,129.0,258.0,144.0,160.0,257.0,170.0,176.0,148.0
2001,2018-06-20T17:25:00,148.0,4.186000049114227,92.2,0.0,0.0916666666666666,0.0,0.0,140.0,271.0,129.0,129.0,258.0,144.0,160.0,257.0,170.0,137.0
2002,2018-06-20T17:30:00,270.0,7.647500097751617,94.59322033898304,19.0,0.0916666666666666,0.0,0.0,148.0,140.0,271.0,129.0,129.0,258.0,144.0,160.0,257.0,252.0
2003,2018-06-20T17:35:00,148.0,4.347000062465668,89.4,0.0,0.0916666666666666,0.0,0.0,270.0,148.0,140.0,271.0,129.0,129.0,258.0,144.0,160.0,111.0
2004,2018-06-20T17:40:00,137.0,4.347000062465668,86.28318584070796,0.0,0.0916666666666666,0.0,0.0,148.0,270.0,148.0,140.0,271.0,129.0,129.0,258.0,144.0,104.0
2005,2018-06-20T17:45:00,252.0,4.186000049114227,83.76576576576576,0.0,0.0916666666666666,0.0,0.0,137.0,148.0,270.0,148.0,140.0,271.0,129.0,129.0,258.0,240.0
2006,2018-06-20T17:50:00,111.0,4.025000035762787,82.5982905982906,0.0,0.0916666666666666,0.0,0.0,252.0,137.0,148.0,270.0,148.0,140.0,271.0,129.0,129.0,104.0
2007,2018-06-20T17:55:00,104.0,4.186000049114227,83.20689655172414,0.0,0.0916666666666666,0.0,0.0,111.0,252.0,137.0,148.0,270.0,148.0,140.0,271.0,129.0,101.0
2008,2018-06-20T18:00:00,240.0,4.186000049114227,81.67460317460318,0.0,0.0916666666666666,0.0,0.0,104.0,111.0,252.0,137.0,148.0,270.0,148.0,140.0,271.0,237.0
2009,2018-06-20T18:05:00,104.0,4.025000035762787,81.36585365853658,0.0,0.0916666666666666,0.0,0.0,240.0,104.0,111.0,252.0,137.0,148.0,270.0,148.0,140.0,117.0
2010,2018-06-20T18:10:00,101.0,4.186000049114227,81.31932773109244,0.0,0.0916666666666666,0.0,0.0,104.0,240.0,104.0,111.0,252.0,137.0,148.0,270.0,148.0,115.0
2011,2018-06-20T18:15:00,237.0,9.015999794006348,86.02542372881356,45.0,0.0916666666666666,0.0,0.0,101.0,104.0,240.0,104.0,111.0,252.0,137.0,148.0,270.0,208.0
2012,2018-06-20T18:20:00,117.0,7.566999971866608,88.58771929824562,15.0,0.0916666666666666,0.0,0.0,237.0,101.0,104.0,240.0,104.0,111.0,252.0,137.0,148.0,111.0
2013,2018-06-20T18:25:00,115.0,9.17699980735779,89.28828828828829,37.0,0.0916666666666666,0.0,0.0,117.0,237.0,101.0,104.0,240.0,104.0,111.0,252.0,137.0,113.0
2014,2018-06-20T18:30:00,208.0,9.418499946594238,99.7304347826087,0.0,0.0916666666666666,0.0,0.0,115.0,117.0,237.0,101.0,104.0,240.0,104.0,111.0,252.0,191.0
2015,2018-06-20T18:35:00,111.0,9.418499946594238,102.71296296296296,17.0,0.0916666666666666,0.0,0.0,208.0,115.0,117.0,237.0,101.0,104.0,240.0,104.0,111.0,111.0
2016,2018-06-20T18:40:00,113.0,10.867499828338625,98.21951219512196,145.0,0.0916666666666666,0.0,0.0,111.0,208.0,115.0,117.0,237.0,101.0,104.0,240.0,104.0,106.0
2017,2018-06-20T18:45:00,191.0,4.830000102519989,87.63636363636364,0.0,0.0916666666666666,0.0,0.0,113.0,111.0,208.0,115.0,117.0,237.0,101.0,104.0,240.0,167.0
2018,2018-06-20T18:50:00,111.0,5.876500070095062,85.7578125,0.0,0.0916666666666666,0.0,0.0,191.0,113.0,111.0,208.0,115.0,117.0,237.0,101.0,104.0,99.0
2019,2018-06-20T18:55:00,106.0,22.78150010108948,102.99253731343283,459.0,0.0916666666666666,0.0,0.0,111.0,191.0,113.0,111.0,208.0,115.0,117.0,237.0,101.0,92.0
2020,2018-06-20T19:00:00,167.0,29.22150039672852,117.99253731343283,604.0,0.075,0.0,0.0,106.0,111.0,191.0,113.0,111.0,208.0,115.0,117.0,237.0,144.0
2021,2018-06-20T19:05:00,99.0,11.511499881744385,106.49659863945578,56.0,0.075,0.0,0.0,167.0,106.0,111.0,191.0,113.0,111.0,208.0,115.0,117.0,87.0
2022,2018-06-20T19:10:00,92.0,4.991000056266785,98.99212598425196,0.0,0.075,0.0,0.0,99.0,167.0,106.0,111.0,191.0,113.0,111.0,208.0,115.0,87.0
2023,2018-06-20T19:15:00,144.0,8.211000084877014,103.096,0.0,0.075,0.0,0.0,92.0,99.0,167.0,106.0,111.0,191.0,113.0,111.0,208.0,126.0
2024,2018-06-20T19:20:00,87.0,10.706499993801115,104.03539823008848,0.0,0.075,0.0,0.0,144.0,92.0,99.0,167.0,106.0,111.0,191.0,113.0,111.0,94.0
2025,2018-06-20T19:25:00,87.0,8.854999780654907,92.76422764227642,8.0,0.075,0.0,0.0,87.0,144.0,92.0,99.0,167.0,106.0,111.0,191.0,113.0,92.0
2026,2018-06-20T19:30:00,126.0,5.634999990463257,77.38709677419355,8.0,0.075,0.0,0.0,87.0,87.0,144.0,92.0,99.0,167.0,106.0,111.0,191.0,127.0
2027,2018-06-20T19:35:00,94.0,5.876499950885773,83.43137254901961,9.0,0.075,0.0,0.0,126.0,87.0,87.0,144.0,92.0,99.0,167.0,106.0,111.0,98.0
2028,2018-06-20T19:40:00,92.0,5.151999890804291,82.63725490196079,0.0,0.075,0.0,0.0,94.0,126.0,87.0,87.0,144.0,92.0,99.0,167.0,106.0,102.0
2029,2018-06-20T19:45:00,127.0,4.588500022888184,79.63716814159292,0.0,0.075,0.0,0.0,92.0,94.0,126.0,87.0,87.0,144.0,92.0,99.0,167.0,112.0
2030,2018-06-20T19:50:00,98.0,5.071499943733215,83.24786324786325,0.0,0.075,0.0,0.0,127.0,92.0,94.0,126.0,87.0,87.0,144.0,92.0,99.0,88.0
2031,2018-06-20T19:55:00,102.0,4.668999969959259,81.94117647058823,0.0,0.075,0.0,0.0,98.0,127.0,92.0,94.0,126.0,87.0,87.0,144.0,92.0,101.0
2032,2018-06-20T20:00:00,112.0,5.151999890804291,83.26086956521739,0.0,0.075,0.0,0.0,102.0,98.0,127.0,92.0,94.0,126.0,87.0,87.0,144.0,99.0
2033,2018-06-20T20:05:00,88.0,4.749500036239624,87.07377049180327,0.0,0.075,0.0,0.0,112.0,102.0,98.0,127.0,92.0,94.0,126.0,87.0,87.0,104.0
2034,2018-06-20T20:10:00,101.0,4.8299999833107,85.99173553719008,0.0,0.075,0.0,0.0,88.0,112.0,102.0,98.0,127.0,92.0,94.0,126.0,87.0,101.0
2035,2018-06-20T20:15:00,99.0,4.347000062465668,83.8688524590164,0.0,0.075,0.0,0.0,101.0,88.0,112.0,102.0,98.0,127.0,92.0,94.0,126.0,90.0
2036,2018-06-20T20:20:00,104.0,4.669000089168549,83.99180327868852,0.0,0.075,0.0,0.0,99.0,101.0,88.0,112.0,102.0,98.0,127.0,92.0,94.0,97.0
2037,2018-06-20T20:25:00,101.0,4.186000049114227,79.66949152542372,0.0,0.075,0.0,0.0,104.0,99.0,101.0,88.0,112.0,102.0,98.0,127.0,92.0,94.0
2038,2018-06-20T20:30:00,90.0,4.186000049114227,78.63559322033899,0.0,0.075,0.0,0.0,101.0,104.0,99.0,101.0,88.0,112.0,102.0,98.0,127.0,85.0
2039,2018-06-20T20:35:00,97.0,4.427500009536743,80.74789915966386,0.0,0.075,0.0,0.0,90.0,101.0,104.0,99.0,101.0,88.0,112.0,102.0,98.0,84.0
2040,2018-06-20T20:40:00,94.0,4.99099999666214,82.8974358974359,0.0,0.075,0.0,0.0,97.0,90.0,101.0,104.0,99.0,101.0,88.0,112.0,102.0,83.0
2041,2018-06-20T20:45:00,85.0,5.876500070095062,84.45535714285714,0.0,0.075,0.0,0.0,94.0,97.0,90.0,101.0,104.0,99.0,101.0,88.0,112.0,93.0
2042,2018-06-20T20:50:00,84.0,21.413000106811523,103.74666666666668,426.0,0.075,0.0,0.0,85.0,94.0,97.0,90.0,101.0,104.0,99.0,101.0,88.0,88.0
2043,2018-06-20T20:55:00,83.0,30.1875,120.42857142857144,621.0,0.075,0.0,0.0,84.0,85.0,94.0,97.0,90.0,101.0,104.0,99.0,101.0,94.0
2044,2018-06-20T21:00:00,93.0,24.713500261306763,116.02890173410404,425.0,0.0583333333333333,0.0,0.0,83.0,84.0,85.0,94.0,97.0,90.0,101.0,104.0,99.0,111.0
2045,2018-06-20T21:05:00,88.0,12.477500140666962,100.95302013422818,135.0,0.0583333333333333,0.0,0.0,93.0,83.0,84.0,85.0,94.0,97.0,90.0,101.0,104.0,106.0
2046,2018-06-20T21:10:00,94.0,12.397000253200533,106.27450980392156,112.0,0.0583333333333333,0.0,0.0,88.0,93.0,83.0,84.0,85.0,94.0,97.0,90.0,101.0,105.0
2047,2018-06-20T21:15:00,111.0,6.601000130176544,92.45864661654136,0.0,0.0583333333333333,0.0,0.0,94.0,88.0,93.0,83.0,84.0,85.0,94.0,97.0,90.0,115.0
2048,2018-06-20T21:20:00,106.0,5.151999890804291,93.74545454545456,0.0,0.0583333333333333,0.0,0.0,111.0,94.0,88.0,93.0,83.0,84.0,85.0,94.0,97.0,91.0
2049,2018-06-20T21:25:00,105.0,15.536499977111816,99.33333333333331,199.0,0.0583333333333333,0.0,0.0,106.0,111.0,94.0,88.0,93.0,83.0,84.0,85.0,94.0,86.0
2050,2018-06-20T21:30:00,115.0,13.92650008201599,102.1526717557252,29.0,0.0583333333333333,0.0,0.0,105.0,106.0,111.0,94.0,88.0,93.0,83.0,84.0,85.0,108.0
2051,2018-06-20T21:35:00,91.0,6.117999911308289,83.83898305084746,7.0,0.0583333333333333,0.0,0.0,115.0,105.0,106.0,111.0,94.0,88.0,93.0,83.0,84.0,86.0
2052,2018-06-20T21:40:00,86.0,6.198499858379364,90.6725663716814,7.0,0.0583333333333333,3.3,4.0,91.0,115.0,105.0,106.0,111.0,94.0,88.0,93.0,83.0,95.0
2053,2018-06-20T21:45:00,108.0,4.99099999666214,88.38931297709924,0.0,0.0583333333333333,0.0,0.0,86.0,91.0,115.0,105.0,106.0,111.0,94.0,88.0,93.0,140.0
2054,2018-06-20T21:50:00,86.0,4.9105000495910645,87.91596638655462,0.0,0.0583333333333333,0.0,0.0,108.0,86.0,91.0,115.0,105.0,106.0,111.0,94.0,88.0,109.0
2055,2018-06-20T21:55:00,95.0,4.99099999666214,90.8125,0.0,0.0583333333333333,0.0,0.0,86.0,108.0,86.0,91.0,115.0,105.0,106.0,111.0,94.0,114.0
2056,2018-06-20T22:00:00,140.0,6.681499898433685,88.3931623931624,12.0,0.0583333333333333,0.0,0.0,95.0,86.0,108.0,86.0,91.0,115.0,105.0,106.0,111.0,124.0
2057,2018-06-20T22:05:00,109.0,6.761999845504761,92.3103448275862,9.0,0.0583333333333333,0.0,0.0,140.0,95.0,86.0,108.0,86.0,91.0,115.0,105.0,106.0,105.0
2058,2018-06-20T22:10:00,114.0,15.214500188827516,102.80152671755724,70.0,0.0583333333333333,0.0,0.0,109.0,140.0,95.0,86.0,108.0,86.0,91.0,115.0,105.0,96.0
2059,2018-06-20T22:15:00,124.0,15.134000301361084,104.65040650406505,93.0,0.0583333333333333,0.0,0.0,114.0,109.0,140.0,95.0,86.0,108.0,86.0,91.0,115.0,100.0
2060,2018-06-20T22:20:00,105.0,8.774500072002411,97.5575221238938,15.0,0.0583333333333333,0.0,0.0,124.0,114.0,109.0,140.0,95.0,86.0,108.0,86.0,91.0,93.0
2061,2018-06-20T22:25:00,96.0,5.151999890804291,83.86324786324786,0.0,0.0583333333333333,0.0,0.0,105.0,124.0,114.0,109.0,140.0,95.0,86.0,108.0,86.0,88.0
2062,2018-06-20T22:30:00,100.0,4.99099999666214,85.83783783783784,0.0,0.0583333333333333,0.0,0.0,96.0,105.0,124.0,114.0,109.0,140.0,95.0,86.0,108.0,95.0
2063,2018-06-20T22:35:00,93.0,8.371999979019165,98.73170731707316,0.0,0.0583333333333333,0.0,0.0,100.0,96.0,105.0,124.0,114.0,109.0,140.0,95.0,86.0,85.0
2064,2018-06-20T22:40:00,88.0,6.440000116825104,89.81379310344828,0.0,0.0583333333333333,0.0,0.0,93.0,100.0,96.0,105.0,124.0,114.0,109.0,140.0,95.0,84.0
2065,2018-06-20T22:45:00,95.0,5.071499943733215,82.50420168067227,0.0,0.0583333333333333,0.0,0.0,88.0,93.0,100.0,96.0,105.0,124.0,114.0,109.0,140.0,106.0
2066,2018-06-20T22:50:00,85.0,4.9105000495910645,83.21551724137932,0.0,0.0583333333333333,0.0,0.0,95.0,88.0,93.0,100.0,96.0,105.0,124.0,114.0,109.0,92.0
2067,2018-06-20T22:55:00,84.0,4.99099999666214,84.34677419354838,0.0,0.0,0.0,0.0,85.0,95.0,88.0,93.0,100.0,96.0,105.0,124.0,114.0,93.0
2068,2018-06-20T23:00:00,106.0,4.9105000495910645,83.94214876033058,0.0,0.0,0.0,0.0,84.0,85.0,95.0,88.0,93.0,100.0,96.0,105.0,124.0,105.0
2069,2018-06-20T23:05:00,92.0,4.266500055789948,80.05042016806723,0.0,0.0,0.0,0.0,106.0,84.0,85.0,95.0,88.0,93.0,100.0,96.0,105.0,88.0
2070,2018-06-20T23:10:00,93.0,4.347000062465668,81.7479674796748,0.0,0.0,0.0,0.0,92.0,106.0,84.0,85.0,95.0,88.0,93.0,100.0,96.0,89.0
2071,2018-06-20T23:15:00,105.0,4.427500009536743,82.01639344262296,0.0,0.0,0.0,0.0,93.0,92.0,106.0,84.0,85.0,95.0,88.0,93.0,100.0,117.0
2072,2018-06-20T23:20:00,88.0,4.347000062465668,81.976,0.0,0.0,0.0,0.0,105.0,93.0,92.0,106.0,84.0,85.0,95.0,88.0,93.0,98.0
2073,2018-06-20T23:25:00,89.0,4.8299999833107,85.77049180327869,0.0,0.0,0.0,0.0,88.0,105.0,93.0,92.0,106.0,84.0,85.0,95.0,88.0,101.0
2074,2018-06-20T23:30:00,117.0,4.347000062465668,81.86666666666666,0.0,0.0,0.0,0.0,89.0,88.0,105.0,93.0,92.0,106.0,84.0,85.0,95.0,127.0
2075,2018-06-20T23:35:00,98.0,4.749500036239624,83.72033898305085,0.0,0.0,0.0,0.0,117.0,89.0,88.0,105.0,93.0,92.0,106.0,84.0,85.0,107.0
2076,2018-06-20T23:40:00,101.0,4.347000062465668,83.68695652173913,0.0,0.0,0.0,0.0,98.0,117.0,89.0,88.0,105.0,93.0,92.0,106.0,84.0,110.0
2077,2018-06-20T23:45:00,127.0,4.266499996185303,84.09649122807018,0.0,0.0,0.0,0.0,101.0,98.0,117.0,89.0,88.0,105.0,93.0,92.0,106.0,119.0
2078,2018-06-20T23:50:00,107.0,4.668999969959259,82.89430894308943,0.0,0.0,0.0,0.0,127.0,101.0,98.0,117.0,89.0,88.0,105.0,93.0,92.0,108.0
2079,2018-06-20T23:55:00,110.0,4.025000035762787,80.62637362637362,0.0,0.0583333333333333,0.0,0.0,107.0,127.0,101.0,98.0,117.0,89.0,88.0,105.0,93.0,105.0
2080,2018-06-21T00:00:00,119.0,4.025000035762787,79.375,0.0,0.0708333333333333,0.0,0.0,110.0,107.0,127.0,101.0,98.0,117.0,89.0,88.0,105.0,110.0
2081,2018-06-21T00:05:00,108.0,4.025000035762787,79.24786324786325,0.0,0.0708333333333333,0.0,0.0,119.0,110.0,107.0,127.0,101.0,98.0,117.0,89.0,88.0,96.0
2082,2018-06-21T00:10:00,105.0,4.025000035762787,77.30252100840336,0.0,0.0708333333333333,0.0,0.0,108.0,119.0,110.0,107.0,127.0,101.0,98.0,117.0,89.0,96.0
2083,2018-06-21T00:15:00,110.0,4.025000035762787,76.28099173553719,0.0,0.0708333333333333,0.0,0.0,105.0,108.0,119.0,110.0,107.0,127.0,101.0,98.0,117.0,118.0
2084,2018-06-21T00:20:00,96.0,4.025000035762787,78.59322033898304,0.0,0.0708333333333333,0.0,0.0,110.0,105.0,108.0,119.0,110.0,107.0,127.0,101.0,98.0,100.0
2085,2018-06-21T00:25:00,96.0,6.439999938011169,89.4055944055944,6.0,0.0708333333333333,0.0,0.0,96.0,110.0,105.0,108.0,119.0,110.0,107.0,127.0,101.0,102.0
2086,2018-06-21T00:30:00,118.0,4.025000035762787,76.77586206896552,0.0,0.0708333333333333,0.0,0.0,96.0,96.0,110.0,105.0,108.0,119.0,110.0,107.0,127.0,135.0
2087,2018-06-21T00:35:00,100.0,4.025000035762787,77.19491525423729,0.0,0.0708333333333333,0.0,0.0,118.0,96.0,96.0,110.0,105.0,108.0,119.0,110.0,107.0,112.0
2088,2018-06-21T00:40:00,102.0,4.025000035762787,76.85585585585585,0.0,0.0708333333333333,0.0,0.0,100.0,118.0,96.0,96.0,110.0,105.0,108.0,119.0,110.0,118.0
2089,2018-06-21T00:45:00,135.0,4.025000035762787,76.52212389380531,0.0,0.0708333333333333,0.0,0.0,102.0,100.0,118.0,96.0,96.0,110.0,105.0,108.0,119.0,147.0
2090,2018-06-21T00:50:00,112.0,4.025000035762787,77.67543859649123,0.0,0.0708333333333333,0.0,0.0,135.0,102.0,100.0,118.0,96.0,96.0,110.0,105.0,108.0,127.0
2091,2018-06-21T00:55:00,118.0,4.025000035762787,76.82758620689656,0.0,0.0708333333333333,0.0,0.0,112.0,135.0,102.0,100.0,118.0,96.0,96.0,110.0,105.0,124.0
2092,2018-06-21T01:00:00,147.0,4.025000035762787,75.97345132743362,0.0,0.0708333333333333,0.0,0.0,118.0,112.0,135.0,102.0,100.0,118.0,96.0,96.0,110.0,151.0
2093,2018-06-21T01:05:00,127.0,4.025000035762787,76.97457627118644,0.0,0.0708333333333333,0.0,0.0,147.0,118.0,112.0,135.0,102.0,100.0,118.0,96.0,96.0,136.0
2094,2018-06-21T01:10:00,124.0,4.025000035762787,75.83193277310924,0.0,0.0708333333333333,0.0,0.0,127.0,147.0,118.0,112.0,135.0,102.0,100.0,118.0,96.0,129.0
2095,2018-06-21T01:15:00,151.0,4.025000035762787,75.1311475409836,0.0,0.0708333333333333,0.0,0.0,124.0,127.0,147.0,118.0,112.0,135.0,102.0,100.0,118.0,159.0
2096,2018-06-21T01:20:00,136.0,4.025000035762787,74.55645161290323,0.0,0.0708333333333333,0.0,0.0,151.0,124.0,127.0,147.0,118.0,112.0,135.0,102.0,100.0,130.0
2097,2018-06-21T01:25:00,129.0,4.105500042438507,74.35897435897436,0.0,0.0708333333333333,0.0,0.0,136.0,151.0,124.0,127.0,147.0,118.0,112.0,135.0,102.0,141.0
2098,2018-06-21T01:30:00,159.0,4.025000035762787,72.08403361344538,0.0,0.0708333333333333,0.0,0.0,129.0,136.0,151.0,124.0,127.0,147.0,118.0,112.0,135.0,159.0
2099,2018-06-21T01:35:00,130.0,4.025000035762787,73.05263157894737,0.0,0.0708333333333333,0.0,0.0,159.0,129.0,136.0,151.0,124.0,127.0,147.0,118.0,112.0,145.0
2100,2018-06-21T01:40:00,141.0,4.025000035762787,75.55555555555556,0.0,0.0708333333333333,0.0,0.0,130.0,159.0,129.0,136.0,151.0,124.0,127.0,147.0,118.0,141.0
2101,2018-06-21T01:45:00,159.0,4.025000035762787,76.1,0.0,0.0708333333333333,0.0,0.0,141.0,130.0,159.0,129.0,136.0,151.0,124.0,127.0,147.0,156.0
2102,2018-06-21T01:50:00,145.0,4.508000075817108,82.30252100840336,0.0,0.0708333333333333,0.0,0.0,159.0,141.0,130.0,159.0,129.0,136.0,151.0,124.0,127.0,154.0
2103,2018-06-21T01:55:00,141.0,4.347000062465668,83.22900763358778,0.0,0.0708333333333333,0.0,0.0,145.0,159.0,141.0,130.0,159.0,129.0,136.0,151.0,124.0,157.0
2104,2018-06-21T02:00:00,156.0,4.025000035762787,77.056,0.0,0.0708333333333333,0.0,0.0,141.0,145.0,159.0,141.0,130.0,159.0,129.0,136.0,151.0,157.0
2105,2018-06-21T02:05:00,154.0,4.025000035762787,72.93333333333334,0.0,0.0708333333333333,0.0,0.0,156.0,141.0,145.0,159.0,141.0,130.0,159.0,129.0,136.0,150.0
2106,2018-06-21T02:10:00,157.0,4.025000035762787,68.87719298245614,0.0,0.0708333333333333,0.0,0.0,154.0,156.0,141.0,145.0,159.0,141.0,130.0,159.0,129.0,149.0
2107,2018-06-21T02:15:00,157.0,4.025000035762787,66.37606837606837,0.0,0.0708333333333333,0.0,0.0,157.0,154.0,156.0,141.0,145.0,159.0,141.0,130.0,159.0,148.0
2108,2018-06-21T02:20:00,150.0,4.025000035762787,70.08547008547009,0.0,0.0708333333333333,0.0,0.0,157.0,157.0,154.0,156.0,141.0,145.0,159.0,141.0,130.0,146.0
2109,2018-06-21T02:25:00,149.0,4.025000035762787,71.95833333333333,0.0,0.0708333333333333,0.0,0.0,150.0,157.0,157.0,154.0,156.0,141.0,145.0,159.0,141.0,149.0
2110,2018-06-21T02:30:00,148.0,4.025000035762787,73.4766355140187,0.0,0.0708333333333333,0.0,0.0,149.0,150.0,157.0,157.0,154.0,156.0,141.0,145.0,159.0,138.0
2111,2018-06-21T02:35:00,146.0,4.025000035762787,73.60714285714286,0.0,0.0708333333333333,0.0,0.0,148.0,149.0,150.0,157.0,157.0,154.0,156.0,141.0,145.0,156.0
2112,2018-06-21T02:40:00,149.0,4.025000035762787,74.73949579831933,0.0,0.0708333333333333,0.0,0.0,146.0,148.0,149.0,150.0,157.0,157.0,154.0,156.0,141.0,156.0
2113,2018-06-21T02:45:00,138.0,4.025000035762787,71.96363636363637,0.0,0.0708333333333333,0.0,0.0,149.0,146.0,148.0,149.0,150.0,157.0,157.0,154.0,156.0,142.0
2114,2018-06-21T02:50:00,156.0,4.025000035762787,70.78761061946902,0.0,0.0708333333333333,0.0,0.0,138.0,149.0,146.0,148.0,149.0,150.0,157.0,157.0,154.0,156.0
2115,2018-06-21T02:55:00,156.0,4.025000035762787,70.47899159663865,0.0,0.0708333333333333,0.0,0.0,156.0,138.0,149.0,146.0,148.0,149.0,150.0,157.0,157.0,156.0
2116,2018-06-21T03:00:00,142.0,4.025000035762787,70.304,0.0,0.0541666666666666,0.0,0.0,156.0,156.0,138.0,149.0,146.0,148.0,149.0,150.0,157.0,152.0
2117,2018-06-21T03:05:00,156.0,4.025000035762787,68.1344537815126,0.0,0.0541666666666666,0.0,0.0,142.0,156.0,156.0,138.0,149.0,146.0,148.0,149.0,150.0,155.0
2118,2018-06-21T03:10:00,156.0,4.025000035762787,72.21008403361344,0.0,0.0541666666666666,0.0,0.0,156.0,142.0,156.0,156.0,138.0,149.0,146.0,148.0,149.0,155.0
2119,2018-06-21T03:15:00,152.0,4.025000035762787,69.41129032258064,0.0,0.0541666666666666,0.0,0.0,156.0,156.0,142.0,156.0,156.0,138.0,149.0,146.0,148.0,146.0
2120,2018-06-21T03:20:00,155.0,4.025000035762787,71.50393700787401,0.0,0.0541666666666666,0.0,0.0,152.0,156.0,156.0,142.0,156.0,156.0,138.0,149.0,146.0,151.0
2121,2018-06-21T03:25:00,155.0,4.025000035762787,70.34959349593495,0.0,0.0541666666666666,0.0,0.0,155.0,152.0,156.0,156.0,142.0,156.0,156.0,138.0,149.0,153.0
2122,2018-06-21T03:30:00,146.0,4.025000035762787,73.3030303030303,0.0,0.0541666666666666,0.0,0.0,155.0,155.0,152.0,156.0,156.0,142.0,156.0,156.0,138.0,151.0
2123,2018-06-21T03:35:00,151.0,4.025000035762787,72.28099173553719,0.0,0.0541666666666666,0.0,0.0,146.0,155.0,155.0,152.0,156.0,156.0,142.0,156.0,156.0,137.0
2124,2018-06-21T03:40:00,153.0,4.266500055789948,74.90350877192982,0.0,0.0383333333333333,0.0,0.0,151.0,146.0,155.0,155.0,152.0,156.0,156.0,142.0,156.0,137.0
2125,2018-06-21T03:45:00,151.0,5.554499983787537,76.53508771929825,10.0,0.0383333333333333,0.0,0.0,153.0,151.0,146.0,155.0,155.0,152.0,156.0,156.0,142.0,156.0
2126,2018-06-21T03:50:00,137.0,4.105500042438507,67.57894736842105,0.0,0.0383333333333333,0.0,0.0,151.0,153.0,151.0,146.0,155.0,155.0,152.0,156.0,156.0,129.0
2127,2018-06-21T03:55:00,137.0,4.025000035762787,68.552,0.0,0.0383333333333333,0.0,0.0,137.0,151.0,153.0,151.0,146.0,155.0,155.0,152.0,156.0,127.0
2128,2018-06-21T04:00:00,156.0,4.025000035762787,68.03361344537815,0.0,0.0383333333333333,0.0,0.0,137.0,137.0,151.0,153.0,151.0,146.0,155.0,155.0,152.0,151.0
2129,2018-06-21T04:05:00,129.0,4.025000035762787,65.33898305084746,0.0,0.0383333333333333,0.0,0.0,156.0,137.0,137.0,151.0,153.0,151.0,146.0,155.0,155.0,124.0
2130,2018-06-21T04:10:00,127.0,4.025000035762787,67.05982905982906,0.0,0.0383333333333333,0.0,0.0,129.0,156.0,137.0,137.0,151.0,153.0,151.0,146.0,155.0,124.0
2131,2018-06-21T04:15:00,151.0,4.025000035762787,69.12173913043478,0.0,0.0383333333333333,0.0,0.0,127.0,129.0,156.0,137.0,137.0,151.0,153.0,151.0,146.0,140.0
2132,2018-06-21T04:20:00,124.0,4.025000035762787,69.3,0.0,0.0383333333333333,0.0,0.0,151.0,127.0,129.0,156.0,137.0,137.0,151.0,153.0,151.0,124.0
2133,2018-06-21T04:25:00,124.0,4.025000035762787,70.72072072072072,0.0,0.0383333333333333,0.0,0.0,124.0,151.0,127.0,129.0,156.0,137.0,137.0,151.0,153.0,136.0
2134,2018-06-21T04:30:00,140.0,4.025000035762787,70.5603448275862,0.0,0.0383333333333333,0.0,0.0,124.0,124.0,151.0,127.0,129.0,156.0,137.0,137.0,151.0,148.0
2135,2018-06-21T04:35:00,124.0,4.025000035762787,72.67669172932331,0.0,0.0383333333333333,0.0,0.0,140.0,124.0,124.0,151.0,127.0,129.0,156.0,137.0,137.0,123.0
2136,2018-06-21T04:40:00,136.0,4.186000049114227,69.04132231404958,0.0,0.0383333333333333,0.0,0.0,124.0,140.0,124.0,124.0,151.0,127.0,129.0,156.0,137.0,121.0
2137,2018-06-21T04:45:00,148.0,4.025000035762787,66.61864406779661,0.0,0.0383333333333333,0.0,0.0,136.0,124.0,140.0,124.0,124.0,151.0,127.0,129.0,156.0,181.0
2138,2018-06-21T04:50:00,123.0,4.025000035762787,66.95726495726495,0.0,0.0383333333333333,0.0,0.0,148.0,136.0,124.0,140.0,124.0,124.0,151.0,127.0,129.0,162.0
2139,2018-06-21T04:55:00,121.0,4.025000035762787,66.7542372881356,0.0,0.0383333333333333,0.0,0.0,123.0,148.0,136.0,124.0,140.0,124.0,124.0,151.0,127.0,172.0
2140,2018-06-21T05:00:00,181.0,4.025000035762787,67.15517241379311,0.0,0.0291666666666666,0.0,0.0,121.0,123.0,148.0,136.0,124.0,140.0,124.0,124.0,151.0,198.0
2141,2018-06-21T05:05:00,162.0,4.025000035762787,68.95833333333333,0.0,0.0291666666666666,0.0,0.0,181.0,121.0,123.0,148.0,136.0,124.0,140.0,124.0,124.0,181.0
2142,2018-06-21T05:10:00,172.0,4.105500042438507,67.96850393700787,0.0,0.0291666666666666,0.0,0.0,162.0,181.0,121.0,123.0,148.0,136.0,124.0,140.0,124.0,191.0
2143,2018-06-21T05:15:00,198.0,4.025000035762787,64.69047619047619,0.0,0.0291666666666666,0.0,0.0,172.0,162.0,181.0,121.0,123.0,148.0,136.0,124.0,140.0,202.0
2144,2018-06-21T05:20:00,181.0,4.105500042438507,65.6896551724138,0.0,0.0291666666666666,0.0,0.0,198.0,172.0,162.0,181.0,121.0,123.0,148.0,136.0,124.0,217.0
2145,2018-06-21T05:25:00,191.0,4.025000035762787,67.125,0.0,0.0291666666666666,0.0,0.0,181.0,198.0,172.0,162.0,181.0,121.0,123.0,148.0,136.0,239.0
2146,2018-06-21T05:30:00,202.0,4.025000035762787,67.47899159663865,0.0,0.0291666666666666,0.0,0.0,191.0,181.0,198.0,172.0,162.0,181.0,121.0,123.0,148.0,214.0
2147,2018-06-21T05:35:00,217.0,4.105500042438507,67.94117647058823,0.0,0.0291666666666666,0.0,0.0,202.0,191.0,181.0,198.0,172.0,162.0,181.0,121.0,123.0,250.0
2148,2018-06-21T05:40:00,239.0,4.105500042438507,66.248,0.0,0.0416666666666666,0.0,0.0,217.0,202.0,191.0,181.0,198.0,172.0,162.0,181.0,121.0,261.0
2149,2018-06-21T05:45:00,214.0,4.025000035762787,68.24590163934427,0.0,0.0416666666666666,0.0,0.0,239.0,217.0,202.0,191.0,181.0,198.0,172.0,162.0,181.0,232.0
2150,2018-06-21T05:50:00,250.0,4.186000049114227,67.4390243902439,0.0,0.0416666666666666,0.7,0.0,214.0,239.0,217.0,202.0,191.0,181.0,198.0,172.0,162.0,278.0
2151,2018-06-21T05:55:00,261.0,4.025000035762787,66.640625,0.0,0.0416666666666666,0.0,0.0,250.0,214.0,239.0,217.0,202.0,191.0,181.0,198.0,172.0,289.0
2152,2018-06-21T06:00:00,232.0,4.025000035762787,65.89312977099236,0.0,0.0416666666666666,0.0,0.0,261.0,250.0,214.0,239.0,217.0,202.0,191.0,181.0,198.0,250.0
2153,2018-06-21T06:05:00,278.0,4.025000035762787,66.92561983471074,0.0,0.0416666666666666,0.0,0.0,232.0,261.0,250.0,214.0,239.0,217.0,202.0,191.0,181.0,285.0
2154,2018-06-21T06:10:00,289.0,4.105500042438507,64.26717557251908,0.0,0.0416666666666666,0.0,0.0,278.0,232.0,261.0,250.0,214.0,239.0,217.0,202.0,191.0,280.0
2155,2018-06-21T06:15:00,250.0,4.025000035762787,65.86290322580645,0.0,0.0416666666666666,0.0,0.0,289.0,278.0,232.0,261.0,250.0,214.0,239.0,217.0,202.0,270.0
2156,2018-06-21T06:20:00,285.0,4.025000035762787,66.88429752066116,0.0,0.0416666666666666,0.0,0.0,250.0,289.0,278.0,232.0,261.0,250.0,214.0,239.0,217.0,295.0
2157,2018-06-21T06:25:00,280.0,4.025000035762787,67.31818181818181,0.0,0.0416666666666666,0.0,0.0,285.0,250.0,289.0,278.0,232.0,261.0,250.0,214.0,239.0,319.0
2158,2018-06-21T06:30:00,270.0,4.025000035762787,68.5701754385965,0.0,0.0416666666666666,0.0,0.0,280.0,285.0,250.0,289.0,278.0,232.0,261.0,250.0,214.0,294.0
2159,2018-06-21T06:35:00,295.0,4.025000035762787,69.01818181818182,0.0,0.0416666666666666,0.0,0.0,270.0,280.0,285.0,250.0,289.0,278.0,232.0,261.0,250.0,358.0
2160,2018-06-21T06:40:00,319.0,4.105500042438507,70.90243902439025,0.0,0.0416666666666666,0.0,0.0,295.0,270.0,280.0,285.0,250.0,289.0,278.0,232.0,261.0,368.0
2161,2018-06-21T06:45:00,294.0,4.025000035762787,68.63392857142857,0.0,0.0416666666666666,0.0,0.0,319.0,295.0,270.0,280.0,285.0,250.0,289.0,278.0,232.0,295.0
2162,2018-06-21T06:50:00,358.0,4.025000035762787,67.97345132743362,0.0,0.0416666666666666,0.0,0.0,294.0,319.0,295.0,270.0,280.0,285.0,250.0,289.0,278.0,365.0
2163,2018-06-21T06:55:00,368.0,4.025000035762787,67.92241379310344,0.0,0.0416666666666666,0.0,0.0,358.0,294.0,319.0,295.0,270.0,280.0,285.0,250.0,289.0,380.0
2164,2018-06-21T07:00:00,295.0,4.105500042438507,66.6875,0.0,0.0416666666666666,0.0,0.0,368.0,358.0,294.0,319.0,295.0,270.0,280.0,285.0,250.0,324.0
2165,2018-06-21T07:05:00,365.0,4.025000035762787,66.12612612612612,0.0,0.0416666666666666,0.0,0.0,295.0,368.0,358.0,294.0,319.0,295.0,270.0,280.0,285.0,400.0
2166,2018-06-21T07:10:00,380.0,4.025000035762787,66.10526315789474,0.0,0.0416666666666666,0.0,0.0,365.0,295.0,368.0,358.0,294.0,319.0,295.0,270.0,280.0,400.0
2167,2018-06-21T07:15:00,324.0,4.025000035762787,66.22321428571429,0.0,0.0416666666666666,0.0,0.0,380.0,365.0,295.0,368.0,358.0,294.0,319.0,295.0,270.0,335.0
2168,2018-06-21T07:20:00,400.0,4.025000035762787,66.79338842975207,0.0,0.0416666666666666,0.0,0.0,324.0,380.0,365.0,295.0,368.0,358.0,294.0,319.0,295.0,400.0
2169,2018-06-21T07:25:00,400.0,4.025000035762787,67.19327731092437,0.0,0.0416666666666666,0.0,0.0,400.0,324.0,380.0,365.0,295.0,368.0,358.0,294.0,319.0,400.0
2170,2018-06-21T07:30:00,335.0,4.025000035762787,67.55855855855856,0.0,0.0416666666666666,0.0,0.0,400.0,400.0,324.0,380.0,365.0,295.0,368.0,358.0,294.0,326.0
2171,2018-06-21T07:35:00,400.0,4.025000035762787,66.9672131147541,0.0,0.0416666666666666,0.0,0.0,335.0,400.0,400.0,324.0,380.0,365.0,295.0,368.0,358.0,400.0
2172,2018-06-21T07:40:00,400.0,4.025000035762787,65.6044776119403,0.0,0.0416666666666666,0.0,0.0,400.0,335.0,400.0,400.0,324.0,380.0,365.0,295.0,368.0,400.0
2173,2018-06-21T07:45:00,326.0,4.025000035762787,63.36974789915966,0.0,0.0416666666666666,0.0,0.0,400.0,400.0,335.0,400.0,400.0,324.0,380.0,365.0,295.0,308.0
2174,2018-06-21T07:50:00,400.0,4.025000035762787,64.93636363636364,0.0,0.0416666666666666,0.0,0.0,326.0,400.0,400.0,335.0,400.0,400.0,324.0,380.0,365.0,400.0
2175,2018-06-21T07:55:00,400.0,4.025000035762787,65.86440677966101,0.0,0.0416666666666666,0.0,0.0,400.0,326.0,400.0,400.0,335.0,400.0,400.0,324.0,380.0,400.0
2176,2018-06-21T08:00:00,308.0,4.105500042438507,69.60655737704919,0.0,0.0416666666666666,0.0,0.0,400.0,400.0,326.0,400.0,400.0,335.0,400.0,400.0,324.0,328.0
2177,2018-06-21T08:05:00,400.0,4.025000035762787,66.95901639344262,0.0,0.0416666666666666,0.0,0.0,308.0,400.0,400.0,326.0,400.0,400.0,335.0,400.0,400.0,400.0
2178,2018-06-21T08:10:00,400.0,4.025000035762787,66.65040650406505,0.0,0.0416666666666666,0.0,0.0,400.0,308.0,400.0,400.0,326.0,400.0,400.0,335.0,400.0,400.0
2179,2018-06-21T08:15:00,328.0,4.025000035762787,66.76106194690266,0.0,0.0416666666666666,0.0,0.0,400.0,400.0,308.0,400.0,400.0,326.0,400.0,400.0,335.0,320.0
2180,2018-06-21T08:20:00,400.0,4.025000035762787,67.56557377049181,0.0,0.0416666666666666,0.0,0.0,328.0,400.0,400.0,308.0,400.0,400.0,326.0,400.0,400.0,400.0
2181,2018-06-21T08:25:00,400.0,4.025000035762787,68.79166666666667,0.0,0.0416666666666666,0.0,0.0,400.0,328.0,400.0,400.0,308.0,400.0,400.0,326.0,400.0,400.0
2182,2018-06-21T08:30:00,320.0,4.025000035762787,68.82113821138212,0.0,0.0416666666666666,0.0,0.0,400.0,400.0,328.0,400.0,400.0,308.0,400.0,400.0,326.0,362.0
2183,2018-06-21T08:35:00,400.0,4.025000035762787,68.65040650406505,0.0,0.0416666666666666,0.0,0.0,320.0,400.0,400.0,328.0,400.0,400.0,308.0,400.0,400.0,400.0
2184,2018-06-21T08:40:00,400.0,4.025000035762787,63.6031746031746,0.0,0.0416666666666666,0.0,0.0,400.0,320.0,400.0,400.0,328.0,400.0,400.0,308.0,400.0,400.0
2185,2018-06-21T08:45:00,362.0,4.025000035762787,63.31496062992126,0.0,0.0416666666666666,0.0,0.0,400.0,400.0,320.0,400.0,400.0,328.0,400.0,400.0,308.0,359.0
2186,2018-06-21T08:50:00,400.0,4.025000035762787,64.82786885245902,0.0,0.0416666666666666,0.0,0.0,362.0,400.0,400.0,320.0,400.0,400.0,328.0,400.0,400.0,400.0
2187,2018-06-21T08:55:00,400.0,5.232500076293945,71.40650406504065,30.0,0.0416666666666666,0.0,0.0,400.0,362.0,400.0,400.0,320.0,400.0,400.0,328.0,400.0,400.0
2188,2018-06-21T09:00:00,359.0,7.405999839305878,89.55454545454545,29.0,0.0375,0.0,0.0,400.0,400.0,362.0,400.0,400.0,320.0,400.0,400.0,328.0,343.0
2189,2018-06-21T09:05:00,400.0,4.427500009536743,81.60330578512396,0.0,0.0375,0.0,0.0,359.0,400.0,400.0,362.0,400.0,400.0,320.0,400.0,400.0,400.0
2190,2018-06-21T09:10:00,400.0,4.347000062465668,74.81818181818181,0.0,0.0375,0.0,0.0,400.0,359.0,400.0,400.0,362.0,400.0,400.0,320.0,400.0,400.0
2191,2018-06-21T09:15:00,343.0,4.347000062465668,77.49107142857143,0.0,0.0375,0.0,0.0,400.0,400.0,359.0,400.0,400.0,362.0,400.0,400.0,320.0,340.0
2192,2018-06-21T09:20:00,400.0,4.105500042438507,71.69811320754717,0.0,0.0375,0.0,0.0,343.0,400.0,400.0,359.0,400.0,400.0,362.0,400.0,400.0,332.0
2193,2018-06-21T09:25:00,400.0,4.025000035762787,72.9908256880734,0.0,0.0375,0.0,0.0,400.0,343.0,400.0,400.0,359.0,400.0,400.0,362.0,400.0,324.0
2194,2018-06-21T09:30:00,340.0,4.105500042438507,72.06481481481481,0.0,0.0375,0.0,0.0,400.0,400.0,343.0,400.0,400.0,359.0,400.0,400.0,362.0,316.0
2195,2018-06-21T09:35:00,332.0,5.474000096321106,80.72072072072072,0.0,0.0375,0.0,0.0,340.0,400.0,400.0,343.0,400.0,400.0,359.0,400.0,400.0,320.0
2196,2018-06-21T09:40:00,324.0,5.554499983787537,79.80341880341881,7.0,0.0375,0.0,0.0,332.0,340.0,400.0,400.0,343.0,400.0,400.0,359.0,400.0,324.0
2197,2018-06-21T09:45:00,316.0,4.105500042438507,74.50847457627118,0.0,0.0375,0.0,0.0,324.0,332.0,340.0,400.0,400.0,343.0,400.0,400.0,359.0,328.0
2198,2018-06-21T09:50:00,320.0,4.266500055789948,73.04761904761905,0.0,0.0375,0.0,0.0,316.0,324.0,332.0,340.0,400.0,400.0,343.0,400.0,400.0,330.0
2199,2018-06-21T09:55:00,324.0,5.554499983787537,77.39830508474576,0.0,0.0375,0.0,0.0,320.0,316.0,324.0,332.0,340.0,400.0,400.0,343.0,400.0,332.0
2200,2018-06-21T10:00:00,328.0,5.876499950885773,81.825,12.0,0.0375,0.0,0.0,324.0,320.0,316.0,324.0,332.0,340.0,400.0,400.0,343.0,334.0
2201,2018-06-21T10:05:00,330.0,6.922999858856201,78.98230088495575,27.0,0.0375,0.0,0.0,328.0,324.0,320.0,316.0,324.0,332.0,340.0,400.0,400.0,339.0
2202,2018-06-21T10:10:00,332.0,8.532999753952026,84.58878504672897,55.0,0.0375,0.0,0.0,330.0,328.0,324.0,320.0,316.0,324.0,332.0,340.0,400.0,344.0
2203,2018-06-21T10:15:00,334.0,11.028499841690063,85.11111111111111,74.0,0.0375,0.0,0.0,332.0,330.0,328.0,324.0,320.0,316.0,324.0,332.0,340.0,349.0
2204,2018-06-21T10:20:00,339.0,8.532999873161318,83.21487603305785,38.0,0.0375,0.0,0.0,334.0,332.0,330.0,328.0,324.0,320.0,316.0,324.0,332.0,345.0
2205,2018-06-21T10:25:00,344.0,8.53299993276596,81.63565891472868,42.0,0.0375,0.0,0.0,339.0,334.0,332.0,330.0,328.0,324.0,320.0,316.0,324.0,341.0
2206,2018-06-21T10:30:00,349.0,11.511499881744385,98.89380530973452,33.0,0.0375,0.0,0.0,344.0,339.0,334.0,332.0,330.0,328.0,324.0,320.0,316.0,337.0
2207,2018-06-21T10:35:00,345.0,9.98199987411499,98.11009174311928,35.0,0.0375,0.0,0.0,349.0,344.0,339.0,334.0,332.0,330.0,328.0,324.0,320.0,326.3333333333333
2208,2018-06-21T10:40:00,341.0,11.672499895095823,99.348623853211,45.0,0.0375,0.0,0.0,345.0,349.0,344.0,339.0,334.0,332.0,330.0,328.0,324.0,315.6666666666667
2209,2018-06-21T10:45:00,337.0,5.634999990463257,80.94736842105263,8.0,0.0375,0.0,0.0,341.0,345.0,349.0,344.0,339.0,334.0,332.0,330.0,328.0,305.0
2210,2018-06-21T10:50:00,326.3333333333333,5.634999990463257,79.94017094017094,8.0,0.0375,0.0,0.0,337.0,341.0,345.0,349.0,344.0,339.0,334.0,332.0,330.0,298.0
2211,2018-06-21T10:55:00,315.6666666666667,12.960500121116638,91.89922480620154,227.0,0.0375,0.0,0.0,326.3333333333333,337.0,341.0,345.0,349.0,344.0,339.0,334.0,332.0,291.0
2212,2018-06-21T11:00:00,305.0,12.558000147342682,82.425,197.0,0.0375,0.0,0.0,315.6666666666667,326.3333333333333,337.0,341.0,345.0,349.0,344.0,339.0,334.0,284.0
2213,2018-06-21T11:05:00,298.0,4.186000049114227,77.86725663716814,0.0,0.0375,0.0,0.0,305.0,315.6666666666667,326.3333333333333,337.0,341.0,345.0,349.0,344.0,339.0,273.6666666666667
2214,2018-06-21T11:10:00,291.0,7.244999945163727,85.95575221238938,28.0,0.0375,0.0,0.0,298.0,305.0,315.6666666666667,326.3333333333333,337.0,341.0,345.0,349.0,344.0,263.3333333333333
2215,2018-06-21T11:15:00,284.0,6.520500004291534,88.06666666666666,54.0,0.0375,0.0,0.0,291.0,298.0,305.0,315.6666666666667,326.3333333333333,337.0,341.0,345.0,349.0,253.0
2216,2018-06-21T11:20:00,273.6666666666667,4.427500069141388,82.27731092436974,0.0,0.0375,0.0,0.0,284.0,291.0,298.0,305.0,315.6666666666667,326.3333333333333,337.0,341.0,345.0,249.66666666666663
2217,2018-06-21T11:25:00,263.3333333333333,4.749500036239624,84.08264462809917,0.0,0.0375,0.0,0.0,273.6666666666667,284.0,291.0,298.0,305.0,315.6666666666667,326.3333333333333,337.0,341.0,246.33333333333331
2218,2018-06-21T11:30:00,253.0,4.9105000495910645,86.86324786324786,0.0,0.0375,0.0,0.0,263.3333333333333,273.6666666666667,284.0,291.0,298.0,305.0,315.6666666666667,326.3333333333333,337.0,243.0
2219,2018-06-21T11:35:00,249.66666666666663,9.337999999523165,84.85454545454546,72.0,0.0375,0.0,0.0,253.0,263.3333333333333,273.6666666666667,284.0,291.0,298.0,305.0,315.6666666666667,326.3333333333333,244.0
2220,2018-06-21T11:40:00,246.33333333333331,8.050000011920929,83.90291262135922,99.0,0.0375,0.0,0.0,249.66666666666663,253.0,263.3333333333333,273.6666666666667,284.0,291.0,298.0,305.0,315.6666666666667,245.0
2221,2018-06-21T11:45:00,243.0,17.22700023651123,88.19130434782609,309.0,0.0375,0.0,0.0,246.33333333333331,249.66666666666663,253.0,263.3333333333333,273.6666666666667,284.0,291.0,298.0,305.0,246.0
2222,2018-06-21T11:50:00,244.0,18.27349990606308,112.84397163120568,213.0,0.0375,0.0,0.0,243.0,246.33333333333331,249.66666666666663,253.0,263.3333333333333,273.6666666666667,284.0,291.0,298.0,246.0
2223,2018-06-21T11:55:00,245.0,10.14299988746643,90.55670103092784,58.0,0.0375,0.0,0.0,244.0,243.0,246.33333333333331,249.66666666666663,253.0,263.3333333333333,273.6666666666667,284.0,291.0,246.0
2224,2018-06-21T12:00:00,246.0,4.910499930381775,84.25862068965517,0.0,0.0375,0.0,0.0,245.0,244.0,243.0,246.33333333333331,249.66666666666663,253.0,263.3333333333333,273.6666666666667,284.0,246.0
2225,2018-06-21T12:05:00,246.0,5.474000096321106,82.33620689655173,4.0,0.0375,0.0,0.0,246.0,245.0,244.0,243.0,246.33333333333331,249.66666666666663,253.0,263.3333333333333,273.6666666666667,239.33333333333331
2226,2018-06-21T12:10:00,246.0,7.969499945640565,87.26605504587155,34.0,0.0375,0.0,0.0,246.0,246.0,245.0,244.0,243.0,246.33333333333331,249.66666666666663,253.0,263.3333333333333,232.66666666666663
2227,2018-06-21T12:15:00,246.0,4.8299999833107,84.38842975206612,0.0,0.0375,0.0,0.0,246.0,246.0,246.0,245.0,244.0,243.0,246.33333333333331,249.66666666666663,253.0,226.0
2228,2018-06-21T12:20:00,239.33333333333331,12.719000160694122,85.46808510638297,192.0,0.0375,0.0,0.0,246.0,246.0,246.0,246.0,245.0,244.0,243.0,246.33333333333331,249.66666666666663,217.33333333333331
2229,2018-06-21T12:25:00,232.66666666666663,10.948000252246857,86.12244897959184,149.0,0.0375,0.0,0.0,239.33333333333331,246.0,246.0,246.0,246.0,245.0,244.0,243.0,246.33333333333331,208.66666666666663
2230,2018-06-21T12:30:00,226.0,21.091000080108643,110.66176470588236,339.0,0.0375,0.0,0.0,232.66666666666663,239.33333333333331,246.0,246.0,246.0,246.0,245.0,244.0,243.0,200.0
2231,2018-06-21T12:35:00,217.33333333333331,9.660000026226044,98.86029411764706,0.0,0.0375,0.0,0.0,226.0,232.66666666666663,239.33333333333331,246.0,246.0,246.0,246.0,245.0,244.0,196.0
2232,2018-06-21T12:40:00,208.66666666666663,17.629500210285187,100.11475409836063,289.0,0.0375,0.0,0.0,217.33333333333331,226.0,232.66666666666663,239.33333333333331,246.0,246.0,246.0,246.0,245.0,192.0
2233,2018-06-21T12:45:00,200.0,4.427500069141388,80.3109243697479,0.0,0.0375,0.0,0.0,208.66666666666663,217.33333333333331,226.0,232.66666666666663,239.33333333333331,246.0,246.0,246.0,246.0,188.0
2234,2018-06-21T12:50:00,196.0,11.99450033903122,85.6,185.0,0.0375,0.0,0.0,200.0,208.66666666666663,217.33333333333331,226.0,232.66666666666663,239.33333333333331,246.0,246.0,246.0,187.66666666666663
2235,2018-06-21T12:55:00,192.0,8.371999979019165,86.66666666666667,102.0,0.0375,0.0,0.0,196.0,200.0,208.66666666666663,217.33333333333331,226.0,232.66666666666663,239.33333333333331,246.0,246.0,187.33333333333331
2236,2018-06-21T13:00:00,188.0,18.67600011825561,101.69642857142856,303.0,0.0375,0.0,0.0,192.0,196.0,200.0,208.66666666666663,217.33333333333331,226.0,232.66666666666663,239.33333333333331,246.0,187.0
2237,2018-06-21T13:05:00,187.66666666666663,12.397000193595886,94.0828025477707,154.0,0.0375,0.0,0.0,188.0,192.0,196.0,200.0,208.66666666666663,217.33333333333331,226.0,232.66666666666663,239.33333333333331,177.66666666666666
2238,2018-06-21T13:10:00,187.33333333333331,4.427500069141388,81.45161290322581,0.0,0.0375,0.0,0.0,187.66666666666663,188.0,192.0,196.0,200.0,208.66666666666663,217.33333333333331,226.0,232.66666666666663,168.33333333333334
2239,2018-06-21T13:15:00,187.0,5.634999990463257,80.52173913043478,15.0,0.0375,0.0,0.0,187.33333333333331,187.66666666666663,188.0,192.0,196.0,200.0,208.66666666666663,217.33333333333331,226.0,159.0
2240,2018-06-21T13:20:00,177.66666666666666,11.833499908447266,92.69827586206895,94.0,0.0375,0.0,0.0,187.0,187.33333333333331,187.66666666666663,188.0,192.0,196.0,200.0,208.66666666666663,217.33333333333331,155.0
2241,2018-06-21T13:25:00,168.33333333333334,7.969499826431274,96.775,22.0,0.0375,0.0,0.0,177.66666666666666,187.0,187.33333333333331,187.66666666666663,188.0,192.0,196.0,200.0,208.66666666666663,151.0
2242,2018-06-21T13:30:00,159.0,9.82099986076355,95.5,44.0,0.0375,0.0,0.0,168.33333333333334,177.66666666666666,187.0,187.33333333333331,187.66666666666663,188.0,192.0,196.0,200.0,147.0
2243,2018-06-21T13:35:00,155.0,12.477499961853027,99.92537313432835,98.0,0.0375,0.0,0.0,159.0,168.33333333333334,177.66666666666666,187.0,187.33333333333331,187.66666666666663,188.0,192.0,196.0,145.0
2244,2018-06-21T13:40:00,151.0,10.384499788284302,88.32307692307693,32.0,0.0375,0.0,0.0,155.0,159.0,168.33333333333334,177.66666666666666,187.0,187.33333333333331,187.66666666666663,188.0,192.0,143.0
2245,2018-06-21T13:45:00,147.0,6.43999981880188,87.45378151260505,9.0,0.0375,0.0,0.0,151.0,155.0,159.0,168.33333333333334,177.66666666666666,187.0,187.33333333333331,187.66666666666663,188.0,141.0
2246,2018-06-21T13:50:00,145.0,7.003499925136566,82.83636363636364,26.0,0.0375,0.0,0.0,147.0,151.0,155.0,159.0,168.33333333333334,177.66666666666666,187.0,187.33333333333331,187.66666666666663,137.33333333333334
2247,2018-06-21T13:55:00,143.0,9.337999939918518,94.69473684210526,38.0,0.0375,0.0,0.0,145.0,147.0,151.0,155.0,159.0,168.33333333333334,177.66666666666666,187.0,187.33333333333331,133.66666666666666
2248,2018-06-21T14:00:00,141.0,9.41849982738495,97.09836065573772,30.0,0.0375,0.0,0.0,143.0,145.0,147.0,151.0,155.0,159.0,168.33333333333334,177.66666666666666,187.0,130.0
2249,2018-06-21T14:05:00,137.33333333333334,13.765500068664547,103.30973451327434,134.0,0.0375,0.0,0.0,141.0,143.0,145.0,147.0,151.0,155.0,159.0,168.33333333333334,177.66666666666666,120.0
2250,2018-06-21T14:10:00,133.66666666666666,8.854999959468842,91.78461538461538,27.0,0.0375,0.0,0.0,137.33333333333334,141.0,143.0,145.0,147.0,151.0,155.0,159.0,168.33333333333334,128.0
2251,2018-06-21T14:15:00,130.0,6.43999981880188,92.6198347107438,0.0,0.0375,0.0,0.0,133.66666666666666,137.33333333333334,141.0,143.0,145.0,147.0,151.0,155.0,159.0,136.0
2252,2018-06-21T14:20:00,120.0,8.291499853134155,95.57894736842104,30.0,0.0375,0.0,0.0,130.0,133.66666666666666,137.33333333333334,141.0,143.0,145.0,147.0,151.0,155.0,118.0
2253,2018-06-21T14:25:00,128.0,10.384499788284302,87.38738738738739,46.0,0.0375,0.0,0.0,120.0,130.0,133.66666666666666,137.33333333333334,141.0,143.0,145.0,147.0,151.0,126.0
2254,2018-06-21T14:30:00,136.0,4.910499930381775,86.01754385964912,0.0,0.0375,0.0,0.0,128.0,120.0,130.0,133.66666666666666,137.33333333333334,141.0,143.0,145.0,147.0,169.0
2255,2018-06-21T14:35:00,118.0,6.037499964237213,84.2439024390244,0.0,0.0375,0.0,0.0,136.0,128.0,120.0,130.0,133.66666666666666,137.33333333333334,141.0,143.0,145.0,164.0
2256,2018-06-21T14:40:00,126.0,4.347000062465668,79.52212389380531,0.0,0.0375,0.0,0.0,118.0,136.0,128.0,120.0,130.0,133.66666666666666,137.33333333333334,141.0,143.0,197.0
2257,2018-06-21T14:45:00,169.0,8.452499866485596,91.8032786885246,42.0,0.0375,0.0,0.0,126.0,118.0,136.0,128.0,120.0,130.0,133.66666666666666,137.33333333333334,141.0,210.0
2258,2018-06-21T14:50:00,164.0,10.867499828338625,92.6864406779661,51.0,0.0375,0.0,0.0,169.0,126.0,118.0,136.0,128.0,120.0,130.0,133.66666666666666,137.33333333333334,235.0
2259,2018-06-21T14:55:00,197.0,6.600999832153321,88.36134453781513,0.0,0.0375,4.0,4.0,164.0,169.0,126.0,118.0,136.0,128.0,120.0,130.0,133.66666666666666,249.0
2260,2018-06-21T15:00:00,210.0,6.43999981880188,91.3032786885246,12.0,0.0375,0.0,0.0,197.0,164.0,169.0,126.0,118.0,136.0,128.0,120.0,130.0,235.0
2261,2018-06-21T15:05:00,235.0,6.359499871730804,91.49586776859503,0.0,0.0375,0.0,0.0,210.0,197.0,164.0,169.0,126.0,118.0,136.0,128.0,120.0,264.0
2262,2018-06-21T15:10:00,249.0,6.359499871730804,88.5,12.0,0.0375,1.0,0.0,235.0,210.0,197.0,164.0,169.0,126.0,118.0,136.0,128.0,282.0
2263,2018-06-21T15:15:00,235.0,6.198499977588654,88.456,8.0,0.0375,0.0,0.0,249.0,235.0,210.0,197.0,164.0,169.0,126.0,118.0,136.0,251.0
2264,2018-06-21T15:20:00,264.0,4.9105000495910645,89.16379310344827,0.0,0.0375,0.0,0.0,235.0,249.0,235.0,210.0,197.0,164.0,169.0,126.0,118.0,304.0
2265,2018-06-21T15:25:00,282.0,4.910499930381775,85.9430894308943,0.0,0.0375,0.0,0.0,264.0,235.0,249.0,235.0,210.0,197.0,164.0,169.0,126.0,309.0
2266,2018-06-21T15:30:00,251.0,8.29149979352951,85.43697478991596,32.0,0.0375,0.0,0.0,282.0,264.0,235.0,249.0,235.0,210.0,197.0,164.0,169.0,253.0
2267,2018-06-21T15:35:00,304.0,5.151999890804291,87.58771929824562,0.0,0.0375,0.0,0.0,251.0,282.0,264.0,235.0,249.0,235.0,210.0,197.0,164.0,295.0
2268,2018-06-21T15:40:00,309.0,4.427500009536743,83.5040650406504,0.0,0.0375,0.0,0.0,304.0,251.0,282.0,264.0,235.0,249.0,235.0,210.0,197.0,300.0
2269,2018-06-21T15:45:00,253.0,6.43999981880188,89.26050420168067,10.0,0.0375,0.0,0.0,309.0,304.0,251.0,282.0,264.0,235.0,249.0,235.0,210.0,248.0
2270,2018-06-21T15:50:00,295.0,6.43999981880188,91.1025641025641,6.0,0.0375,0.0,0.0,253.0,309.0,304.0,251.0,282.0,264.0,235.0,249.0,235.0,321.0
2271,2018-06-21T15:55:00,300.0,7.7279998660087585,91.0909090909091,31.0,0.0375,0.0,0.0,295.0,253.0,309.0,304.0,251.0,282.0,264.0,235.0,249.0,327.0
2272,2018-06-21T16:00:00,248.0,11.672499895095823,98.43801652892562,70.0,0.0375,0.0,0.0,300.0,295.0,253.0,309.0,304.0,251.0,282.0,264.0,235.0,266.0
2273,2018-06-21T16:05:00,321.0,7.808499813079834,97.23728813559322,15.0,0.0375,0.0,0.0,248.0,300.0,295.0,253.0,309.0,304.0,251.0,282.0,264.0,319.0
2274,2018-06-21T16:10:00,327.0,10.867499828338625,89.2072072072072,79.0,0.0375,0.0,0.0,321.0,248.0,300.0,295.0,253.0,309.0,304.0,251.0,282.0,309.0
2275,2018-06-21T16:15:00,266.0,8.049999892711641,91.25396825396824,31.0,0.0375,0.0,0.0,327.0,321.0,248.0,300.0,295.0,253.0,309.0,304.0,251.0,257.0
2276,2018-06-21T16:20:00,319.0,4.266500055789948,79.21008403361344,0.0,0.0375,0.0,0.0,266.0,327.0,321.0,248.0,300.0,295.0,253.0,309.0,304.0,299.0
2277,2018-06-21T16:25:00,309.0,4.105500042438507,80.35433070866142,0.0,0.0375,0.0,0.0,319.0,266.0,327.0,321.0,248.0,300.0,295.0,253.0,309.0,291.0
2278,2018-06-21T16:30:00,257.0,4.186000049114227,79.33333333333333,0.0,0.0375,0.0,0.0,309.0,319.0,266.0,327.0,321.0,248.0,300.0,295.0,253.0,242.0
2279,2018-06-21T16:35:00,299.0,4.025000035762787,79.78070175438596,0.0,0.0375,0.0,0.0,257.0,309.0,319.0,266.0,327.0,321.0,248.0,300.0,295.0,286.0
2280,2018-06-21T16:40:00,291.0,4.105500042438507,80.45081967213115,0.0,0.0375,0.0,0.0,299.0,257.0,309.0,319.0,266.0,327.0,321.0,248.0,300.0,278.0
2281,2018-06-21T16:45:00,242.0,4.105500042438507,79.704,0.0,0.0375,0.0,0.0,291.0,299.0,257.0,309.0,319.0,266.0,327.0,321.0,248.0,226.0
2282,2018-06-21T16:50:00,286.0,4.105500042438507,80.05217391304348,0.0,0.0375,0.0,0.0,242.0,291.0,299.0,257.0,309.0,319.0,266.0,327.0,321.0,265.0
2283,2018-06-21T16:55:00,278.0,4.025000035762787,79.19166666666666,0.0,0.0375,0.0,0.0,286.0,242.0,291.0,299.0,257.0,309.0,319.0,266.0,327.0,245.0
2284,2018-06-21T17:00:00,226.0,4.186000049114227,81.13157894736842,0.0,0.0916666666666666,0.0,0.0,278.0,286.0,242.0,291.0,299.0,257.0,309.0,319.0,266.0,208.0
2285,2018-06-21T17:05:00,265.0,4.186000049114227,78.816,0.0,0.0916666666666666,0.0,0.0,226.0,278.0,286.0,242.0,291.0,299.0,257.0,309.0,319.0,221.0
2286,2018-06-21T17:10:00,245.0,4.105500042438507,79.24444444444444,0.0,0.0916666666666666,0.0,0.0,265.0,226.0,278.0,286.0,242.0,291.0,299.0,257.0,309.0,216.0
2287,2018-06-21T17:15:00,208.0,4.025000035762787,81.94871794871794,0.0,0.0916666666666666,0.0,0.0,245.0,265.0,226.0,278.0,286.0,242.0,291.0,299.0,257.0,205.0
2288,2018-06-21T17:20:00,221.0,4.025000035762787,82.94067796610169,0.0,0.0916666666666666,0.0,0.0,208.0,245.0,265.0,226.0,278.0,286.0,242.0,291.0,299.0,246.0
2289,2018-06-21T17:25:00,216.0,4.025000035762787,82.48333333333333,0.0,0.0916666666666666,0.0,0.0,221.0,208.0,245.0,265.0,226.0,278.0,286.0,242.0,291.0,239.0
2290,2018-06-21T17:30:00,205.0,5.312999963760376,82.82786885245902,7.0,0.0916666666666666,0.0,0.0,216.0,221.0,208.0,245.0,265.0,226.0,278.0,286.0,242.0,210.0
2291,2018-06-21T17:35:00,246.0,4.186000049114227,82.83050847457628,0.0,0.0916666666666666,0.0,0.0,205.0,216.0,221.0,208.0,245.0,265.0,226.0,278.0,286.0,244.0
2292,2018-06-21T17:40:00,239.0,4.266499996185303,82.18852459016394,0.0,0.0916666666666666,0.0,0.0,246.0,205.0,216.0,221.0,208.0,245.0,265.0,226.0,278.0,247.0
2293,2018-06-21T17:45:00,210.0,4.105500042438507,79.5,0.0,0.0916666666666666,0.0,0.0,239.0,246.0,205.0,216.0,221.0,208.0,245.0,265.0,226.0,207.0
2294,2018-06-21T17:50:00,244.0,4.990999937057495,93.37857142857143,0.0,0.0916666666666666,0.0,0.0,210.0,239.0,246.0,205.0,216.0,221.0,208.0,245.0,265.0,245.0
2295,2018-06-21T17:55:00,247.0,4.588499963283539,82.08461538461539,0.0,0.0916666666666666,0.0,0.0,244.0,210.0,239.0,246.0,205.0,216.0,221.0,208.0,245.0,241.0
2296,2018-06-21T18:00:00,207.0,4.186000049114227,79.00877192982456,0.0,0.0916666666666666,0.0,0.0,247.0,244.0,210.0,239.0,246.0,205.0,216.0,221.0,208.0,203.0
2297,2018-06-21T18:05:00,245.0,4.025000035762787,78.16666666666667,0.0,0.0916666666666666,0.0,0.0,207.0,247.0,244.0,210.0,239.0,246.0,205.0,216.0,221.0,221.0
2298,2018-06-21T18:10:00,241.0,4.105500042438507,77.7984496124031,0.0,0.0916666666666666,0.0,0.0,245.0,207.0,247.0,244.0,210.0,239.0,246.0,205.0,216.0,217.0
2299,2018-06-21T18:15:00,203.0,4.105500042438507,78.6311475409836,0.0,0.0916666666666666,0.0,0.0,241.0,245.0,207.0,247.0,244.0,210.0,239.0,246.0,205.0,201.0
2300,2018-06-21T18:20:00,221.0,4.186000049114227,78.43589743589743,0.0,0.0916666666666666,0.0,0.0,203.0,241.0,245.0,207.0,247.0,244.0,210.0,239.0,246.0,213.0
2301,2018-06-21T18:25:00,217.0,4.105500042438507,79.2578125,0.0,0.0916666666666666,0.0,0.0,221.0,203.0,241.0,245.0,207.0,247.0,244.0,210.0,239.0,211.0
2302,2018-06-21T18:30:00,201.0,4.025000035762787,81.79032258064517,0.0,0.0916666666666666,0.0,0.0,217.0,221.0,203.0,241.0,245.0,207.0,247.0,244.0,210.0,197.0
2303,2018-06-21T18:35:00,213.0,4.025000035762787,82.5625,0.0,0.0916666666666666,0.0,0.0,201.0,217.0,221.0,203.0,241.0,245.0,207.0,247.0,244.0,213.0
2304,2018-06-21T18:40:00,211.0,4.025000035762787,81.92,0.0,0.0916666666666666,0.0,0.0,213.0,201.0,217.0,221.0,203.0,241.0,245.0,207.0,247.0,206.0
2305,2018-06-21T18:45:00,197.0,8.291499853134155,83.09836065573771,48.0,0.0916666666666666,0.0,0.0,211.0,213.0,201.0,217.0,221.0,203.0,241.0,245.0,207.0,193.0
2306,2018-06-21T18:50:00,213.0,7.808499813079834,87.5,35.0,0.0916666666666666,0.0,0.0,197.0,211.0,213.0,201.0,217.0,221.0,203.0,241.0,245.0,199.0
2307,2018-06-21T18:55:00,206.0,5.071499943733215,91.13274336283186,0.0,0.0916666666666666,0.0,0.0,213.0,197.0,211.0,213.0,201.0,217.0,221.0,203.0,241.0,192.0
2308,2018-06-21T19:00:00,193.0,6.60099995136261,90.09821428571428,27.0,0.075,0.0,0.0,206.0,213.0,197.0,211.0,213.0,201.0,217.0,221.0,203.0,191.0
2309,2018-06-21T19:05:00,199.0,4.105500042438507,78.95238095238095,0.0,0.075,0.0,0.0,193.0,206.0,213.0,197.0,211.0,213.0,201.0,217.0,221.0,191.0
2310,2018-06-21T19:10:00,192.0,4.186000049114227,80.11570247933884,0.0,0.075,0.0,0.0,199.0,193.0,206.0,213.0,197.0,211.0,213.0,201.0,217.0,195.0
2311,2018-06-21T19:15:00,191.0,4.025000035762787,76.25,0.0,0.075,0.0,0.0,192.0,199.0,193.0,206.0,213.0,197.0,211.0,213.0,201.0,201.0
2312,2018-06-21T19:20:00,191.0,4.105500042438507,77.43333333333334,0.0,0.075,0.0,0.0,191.0,192.0,199.0,193.0,206.0,213.0,197.0,211.0,213.0,202.0
2313,2018-06-21T19:25:00,195.0,4.025000035762787,77.70161290322581,0.0,0.075,0.0,0.0,191.0,191.0,192.0,199.0,193.0,206.0,213.0,197.0,211.0,196.0
2314,2018-06-21T19:30:00,201.0,4.508000075817108,80.88636363636364,0.0,0.075,0.0,0.0,195.0,191.0,191.0,192.0,199.0,193.0,206.0,213.0,197.0,201.0
2315,2018-06-21T19:35:00,202.0,6.2790000438690186,90.48979591836736,12.0,0.075,0.0,0.0,201.0,195.0,191.0,191.0,192.0,199.0,193.0,206.0,213.0,163.0
2316,2018-06-21T19:40:00,196.0,4.427500069141388,82.34710743801652,0.0,0.075,0.0,0.0,202.0,201.0,195.0,191.0,191.0,192.0,199.0,193.0,206.0,164.0
2317,2018-06-21T19:45:00,201.0,4.347000062465668,80.8,0.0,0.075,0.0,0.0,196.0,202.0,201.0,195.0,191.0,191.0,192.0,199.0,193.0,192.0
2318,2018-06-21T19:50:00,163.0,7.003499925136567,82.41666666666667,32.0,0.075,0.0,0.0,201.0,196.0,202.0,201.0,195.0,191.0,191.0,192.0,199.0,160.0
2319,2018-06-21T19:55:00,164.0,4.025000035762787,75.9921875,0.0,0.075,0.0,0.0,163.0,201.0,196.0,202.0,201.0,195.0,191.0,191.0,192.0,168.0
2320,2018-06-21T20:00:00,192.0,4.025000035762787,78.1015625,0.0,0.075,0.0,0.0,164.0,163.0,201.0,196.0,202.0,201.0,195.0,191.0,191.0,179.0
2321,2018-06-21T20:05:00,160.0,4.025000035762787,76.68840579710145,0.0,0.075,0.0,0.0,192.0,164.0,163.0,201.0,196.0,202.0,201.0,195.0,191.0,176.0
2322,2018-06-21T20:10:00,168.0,4.025000035762787,75.29838709677419,0.0,0.075,0.0,0.0,160.0,192.0,164.0,163.0,201.0,196.0,202.0,201.0,195.0,168.0
2323,2018-06-21T20:15:00,179.0,4.025000035762787,75.22047244094489,0.0,0.075,0.0,0.0,168.0,160.0,192.0,164.0,163.0,201.0,196.0,202.0,201.0,156.0
2324,2018-06-21T20:20:00,176.0,4.025000035762787,74.4,0.0,0.075,0.0,0.0,179.0,168.0,160.0,192.0,164.0,163.0,201.0,196.0,202.0,150.0
2325,2018-06-21T20:25:00,168.0,4.105500042438507,75.96610169491525,0.0,0.075,0.0,0.0,176.0,179.0,168.0,160.0,192.0,164.0,163.0,201.0,196.0,150.0
2326,2018-06-21T20:30:00,156.0,8.291499972343445,83.75630252100841,43.0,0.075,0.0,0.0,168.0,176.0,179.0,168.0,160.0,192.0,164.0,163.0,201.0,150.0
2327,2018-06-21T20:35:00,150.0,10.384499847888948,84.48695652173913,65.0,0.075,0.0,0.0,156.0,168.0,176.0,179.0,168.0,160.0,192.0,164.0,163.0,143.0
2328,2018-06-21T20:40:00,150.0,6.761999845504761,95.48648648648648,6.0,0.075,0.0,0.0,150.0,156.0,168.0,176.0,179.0,168.0,160.0,192.0,164.0,134.0
2329,2018-06-21T20:45:00,150.0,4.99099999666214,86.48672566371681,0.0,0.075,0.0,0.0,150.0,150.0,156.0,168.0,176.0,179.0,168.0,160.0,192.0,140.0
2330,2018-06-21T20:50:00,143.0,4.830000102519989,86.81739130434782,0.0,0.075,0.0,0.0,150.0,150.0,150.0,156.0,168.0,176.0,179.0,168.0,160.0,124.0
2331,2018-06-21T20:55:00,134.0,4.830000042915344,85.14049586776859,0.0,0.075,0.0,0.0,143.0,150.0,150.0,150.0,156.0,168.0,176.0,179.0,168.0,117.0
2332,2018-06-21T21:00:00,140.0,6.27899992465973,87.36363636363636,22.0,0.0583333333333333,0.0,0.0,134.0,143.0,150.0,150.0,150.0,156.0,168.0,176.0,179.0,114.0
2333,2018-06-21T21:05:00,124.0,4.749499976634979,83.26153846153846,0.0,0.0583333333333333,0.0,0.0,140.0,134.0,143.0,150.0,150.0,150.0,156.0,168.0,176.0,104.0
2334,2018-06-21T21:10:00,117.0,10.464999914169312,78.38888888888889,93.0,0.0583333333333333,0.0,0.0,124.0,140.0,134.0,143.0,150.0,150.0,150.0,156.0,168.0,99.0
2335,2018-06-21T21:15:00,114.0,5.634999990463257,81.83636363636364,8.0,0.0583333333333333,0.0,0.0,117.0,124.0,140.0,134.0,143.0,150.0,150.0,150.0,156.0,112.0
2336,2018-06-21T21:20:00,104.0,4.910499930381775,85.11711711711712,0.0,0.0583333333333333,0.0,0.0,114.0,117.0,124.0,140.0,134.0,143.0,150.0,150.0,150.0,95.0
2337,2018-06-21T21:25:00,99.0,9.418499886989594,80.37391304347825,25.0,0.0583333333333333,0.0,0.0,104.0,114.0,117.0,124.0,140.0,134.0,143.0,150.0,150.0,98.0
2338,2018-06-21T21:30:00,112.0,5.151999890804291,84.89922480620154,0.0,0.0583333333333333,0.0,0.0,99.0,104.0,114.0,117.0,124.0,140.0,134.0,143.0,150.0,141.0
2339,2018-06-21T21:35:00,95.0,5.071499943733215,85.16129032258064,0.0,0.0583333333333333,0.0,0.0,112.0,99.0,104.0,114.0,117.0,124.0,140.0,134.0,143.0,112.0
2340,2018-06-21T21:40:00,98.0,6.359499990940095,86.99137931034483,21.0,0.0583333333333333,1.6,2.0,95.0,112.0,99.0,104.0,114.0,117.0,124.0,140.0,134.0,129.0
2341,2018-06-21T21:45:00,141.0,4.990999937057495,89.85245901639344,0.0,0.0583333333333333,0.0,0.0,98.0,95.0,112.0,99.0,104.0,114.0,117.0,124.0,140.0,178.0
2342,2018-06-21T21:50:00,112.0,4.266500055789948,83.39166666666667,0.0,0.0583333333333333,0.0,0.0,141.0,98.0,95.0,112.0,99.0,104.0,114.0,117.0,124.0,166.0
2343,2018-06-21T21:55:00,129.0,4.749499976634979,87.26086956521739,0.0,0.0583333333333333,0.0,0.0,112.0,141.0,98.0,95.0,112.0,99.0,104.0,114.0,117.0,168.0
2344,2018-06-21T22:00:00,178.0,9.981999874114992,94.7927927927928,65.0,0.0583333333333333,0.0,0.0,129.0,112.0,141.0,98.0,95.0,112.0,99.0,104.0,114.0,171.0
2345,2018-06-21T22:05:00,166.0,12.87999987602234,94.2439024390244,75.0,0.0583333333333333,0.0,0.0,178.0,129.0,112.0,141.0,98.0,95.0,112.0,99.0,104.0,162.0
2346,2018-06-21T22:10:00,168.0,11.189499855041507,96.49557522123894,72.0,0.0583333333333333,0.0,0.0,166.0,178.0,129.0,112.0,141.0,98.0,95.0,112.0,99.0,163.0
2347,2018-06-21T22:15:00,171.0,15.375500202178952,108.96551724137932,85.0,0.0583333333333333,0.0,0.0,168.0,166.0,178.0,129.0,112.0,141.0,98.0,95.0,112.0,183.0
2348,2018-06-21T22:20:00,162.0,10.38450002670288,103.86178861788618,0.0,0.0583333333333333,0.0,0.0,171.0,168.0,166.0,178.0,129.0,112.0,141.0,98.0,95.0,200.0
2349,2018-06-21T22:25:00,163.0,5.151999890804291,94.10169491525424,0.0,0.0583333333333333,0.0,0.0,162.0,171.0,168.0,166.0,178.0,129.0,112.0,141.0,98.0,215.0
2350,2018-06-21T22:30:00,183.0,4.025000035762787,81.16,0.0,0.0,0.0,0.0,163.0,162.0,171.0,168.0,166.0,178.0,129.0,112.0,141.0,192.0
2351,2018-06-21T22:35:00,200.0,4.508000016212463,84.88888888888889,0.0,0.0,0.0,0.0,183.0,163.0,162.0,171.0,168.0,166.0,178.0,129.0,112.0,212.0
2352,2018-06-21T22:40:00,215.0,4.186000049114227,85.45528455284553,0.0,0.0,0.0,0.0,200.0,183.0,163.0,162.0,171.0,168.0,166.0,178.0,129.0,201.0
2353,2018-06-21T22:45:00,192.0,4.025000035762787,80.0078125,0.0,0.0,0.0,0.0,215.0,200.0,183.0,163.0,162.0,171.0,168.0,166.0,178.0,174.0
2354,2018-06-21T22:50:00,212.0,4.105500042438507,81.0241935483871,0.0,0.0,0.0,0.0,192.0,215.0,200.0,183.0,163.0,162.0,171.0,168.0,166.0,180.0
2355,2018-06-21T22:55:00,201.0,4.025000035762787,79.60504201680672,0.0,0.0,0.0,0.0,212.0,192.0,215.0,200.0,183.0,163.0,162.0,171.0,168.0,174.0
2356,2018-06-21T23:00:00,174.0,4.025000035762787,80.47747747747748,0.0,0.0,0.0,0.0,201.0,212.0,192.0,215.0,200.0,183.0,163.0,162.0,171.0,153.0
2357,2018-06-21T23:05:00,180.0,4.347000062465668,83.23275862068965,0.0,0.0,0.0,0.0,174.0,201.0,212.0,192.0,215.0,200.0,183.0,163.0,162.0,170.0
2358,2018-06-21T23:10:00,174.0,4.830000102519989,86.27678571428571,0.0,0.0,0.0,0.0,180.0,174.0,201.0,212.0,192.0,215.0,200.0,183.0,163.0,164.0
2359,2018-06-21T23:15:00,153.0,4.830000102519989,87.07207207207207,0.0,0.0,0.0,0.0,174.0,180.0,174.0,201.0,212.0,192.0,215.0,200.0,183.0,143.0
2360,2018-06-21T23:20:00,170.0,4.669000089168549,84.67241379310344,0.0,0.0,0.0,0.0,153.0,174.0,180.0,174.0,201.0,212.0,192.0,215.0,200.0,161.0
2361,2018-06-21T23:25:00,164.0,4.105500042438507,82.78688524590164,0.0,0.0,0.0,0.0,170.0,153.0,174.0,180.0,174.0,201.0,212.0,192.0,215.0,159.0
2362,2018-06-21T23:30:00,143.0,4.669000089168549,84.5701754385965,0.0,0.0583333333333333,0.0,0.0,164.0,170.0,153.0,174.0,180.0,174.0,201.0,212.0,192.0,133.0
2363,2018-06-21T23:35:00,161.0,4.347000062465668,84.4959349593496,0.0,0.0583333333333333,0.0,0.0,143.0,164.0,170.0,153.0,174.0,180.0,174.0,201.0,212.0,159.0
2364,2018-06-21T23:40:00,159.0,4.830000102519989,85.55371900826447,0.0,0.0583333333333333,0.0,0.0,161.0,143.0,164.0,170.0,153.0,174.0,180.0,174.0,201.0,161.0
2365,2018-06-21T23:45:00,133.0,4.186000049114227,83.22321428571429,0.0,0.0583333333333333,0.0,0.0,159.0,161.0,143.0,164.0,170.0,153.0,174.0,180.0,174.0,131.0
2366,2018-06-21T23:50:00,159.0,4.186000049114227,82.01694915254237,0.0,0.0583333333333333,0.0,0.0,133.0,159.0,161.0,143.0,164.0,170.0,153.0,174.0,180.0,168.0
2367,2018-06-21T23:55:00,161.0,4.025000035762787,81.0752688172043,0.0,0.0583333333333333,0.0,0.0,159.0,133.0,159.0,161.0,143.0,164.0,170.0,153.0,174.0,172.0
2368,2018-06-22T00:00:00,131.0,4.025000035762787,81.42307692307692,0.0,0.0708333333333333,0.0,0.0,161.0,159.0,133.0,159.0,161.0,143.0,164.0,170.0,153.0,143.0
2369,2018-06-22T00:05:00,168.0,4.105500042438507,78.57522123893806,0.0,0.0708333333333333,0.0,0.0,131.0,161.0,159.0,133.0,159.0,161.0,143.0,164.0,170.0,175.0
2370,2018-06-22T00:10:00,172.0,4.025000035762787,78.36134453781513,0.0,0.0708333333333333,0.0,0.0,168.0,131.0,161.0,159.0,133.0,159.0,161.0,143.0,164.0,178.0
2371,2018-06-22T00:15:00,143.0,4.025000035762787,79.21238938053098,0.0,0.0708333333333333,0.0,0.0,172.0,168.0,131.0,161.0,159.0,133.0,159.0,161.0,143.0,152.0
2372,2018-06-22T00:20:00,175.0,5.393499970436096,78.2741935483871,12.0,0.0708333333333333,0.0,0.0,143.0,172.0,168.0,131.0,161.0,159.0,133.0,159.0,161.0,184.0
2373,2018-06-22T00:25:00,178.0,4.105500042438507,76.8103448275862,0.0,0.0708333333333333,0.0,0.0,175.0,143.0,172.0,168.0,131.0,161.0,159.0,133.0,159.0,188.0
2374,2018-06-22T00:30:00,152.0,4.025000035762787,76.05263157894737,0.0,0.0708333333333333,0.0,0.0,178.0,175.0,143.0,172.0,168.0,131.0,161.0,159.0,133.0,168.0
2375,2018-06-22T00:35:00,184.0,4.105500042438507,76.33884297520662,0.0,0.0708333333333333,0.0,0.0,152.0,178.0,175.0,143.0,172.0,168.0,131.0,161.0,159.0,191.0
2376,2018-06-22T00:40:00,188.0,4.266500055789948,74.35042735042735,0.0,0.0708333333333333,0.0,0.0,184.0,152.0,178.0,175.0,143.0,172.0,168.0,131.0,161.0,192.0
2377,2018-06-22T00:45:00,168.0,4.025000035762787,73.24166666666666,0.0,0.0708333333333333,0.0,0.0,188.0,184.0,152.0,178.0,175.0,143.0,172.0,168.0,131.0,181.0
2378,2018-06-22T00:50:00,191.0,4.025000035762787,72.40495867768595,0.0,0.0708333333333333,0.0,0.0,168.0,188.0,184.0,152.0,178.0,175.0,143.0,172.0,168.0,198.0
2379,2018-06-22T00:55:00,192.0,4.105500042438507,74.47619047619048,0.0,0.0708333333333333,0.0,0.0,191.0,168.0,188.0,184.0,152.0,178.0,175.0,143.0,172.0,197.0
2380,2018-06-22T01:00:00,181.0,4.025000035762787,74.17272727272727,0.0,0.0708333333333333,0.0,0.0,192.0,191.0,168.0,188.0,184.0,152.0,178.0,175.0,143.0,183.0
2381,2018-06-22T01:05:00,198.0,4.025000035762787,73.13761467889908,0.0,0.0708333333333333,0.0,0.0,181.0,192.0,191.0,168.0,188.0,184.0,152.0,178.0,175.0,196.0
2382,2018-06-22T01:10:00,197.0,4.025000035762787,72.19354838709677,0.0,0.0708333333333333,0.0,0.0,198.0,181.0,192.0,191.0,168.0,188.0,184.0,152.0,178.0,196.0
2383,2018-06-22T01:15:00,183.0,4.025000035762787,71.36363636363636,0.0,0.0708333333333333,0.0,0.0,197.0,198.0,181.0,192.0,191.0,168.0,188.0,184.0,152.0,179.0
2384,2018-06-22T01:20:00,196.0,4.025000035762787,71.34146341463415,0.0,0.0708333333333333,0.0,0.0,183.0,197.0,198.0,181.0,192.0,191.0,168.0,188.0,184.0,195.0
2385,2018-06-22T01:25:00,196.0,4.025000035762787,73.41592920353982,0.0,0.0708333333333333,0.0,0.0,196.0,183.0,197.0,198.0,181.0,192.0,191.0,168.0,188.0,190.0
2386,2018-06-22T01:30:00,179.0,4.025000035762787,73.22033898305085,0.0,0.0708333333333333,0.0,0.0,196.0,196.0,183.0,197.0,198.0,181.0,192.0,191.0,168.0,176.0
2387,2018-06-22T01:35:00,195.0,4.025000035762787,71.16521739130435,0.0,0.0708333333333333,0.0,0.0,179.0,196.0,196.0,183.0,197.0,198.0,181.0,192.0,191.0,183.0
2388,2018-06-22T01:40:00,190.0,4.025000035762787,70.624,0.0,0.0708333333333333,0.0,0.0,195.0,179.0,196.0,196.0,183.0,197.0,198.0,181.0,192.0,185.0
2389,2018-06-22T01:45:00,176.0,4.186000049114227,71.28,0.0,0.0708333333333333,0.0,0.0,190.0,195.0,179.0,196.0,196.0,183.0,197.0,198.0,181.0,169.0
2390,2018-06-22T01:50:00,183.0,4.025000035762787,72.84873949579831,0.0,0.0708333333333333,0.0,0.0,176.0,190.0,195.0,179.0,196.0,196.0,183.0,197.0,198.0,186.0
2391,2018-06-22T01:55:00,185.0,4.025000035762787,69.6260162601626,0.0,0.0708333333333333,0.0,0.0,183.0,176.0,190.0,195.0,179.0,196.0,196.0,183.0,197.0,177.0
2392,2018-06-22T02:00:00,169.0,4.025000035762787,70.03418803418803,0.0,0.0708333333333333,0.0,0.0,185.0,183.0,176.0,190.0,195.0,179.0,196.0,196.0,183.0,158.0
2393,2018-06-22T02:05:00,186.0,4.025000035762787,70.34782608695652,0.0,0.0708333333333333,0.0,0.0,169.0,185.0,183.0,176.0,190.0,195.0,179.0,196.0,196.0,148.0
2394,2018-06-22T02:10:00,177.0,4.105500042438507,68.87931034482759,0.0,0.0708333333333333,0.0,0.0,186.0,169.0,185.0,183.0,176.0,190.0,195.0,179.0,196.0,145.0
2395,2018-06-22T02:15:00,158.0,4.105500042438507,76.0241935483871,0.0,0.0708333333333333,0.0,0.0,177.0,186.0,169.0,185.0,183.0,176.0,190.0,195.0,179.0,159.0
2396,2018-06-22T02:20:00,148.0,4.025000035762787,76.64035087719299,0.0,0.0708333333333333,0.0,0.0,158.0,177.0,186.0,169.0,185.0,183.0,176.0,190.0,195.0,171.0
2397,2018-06-22T02:25:00,145.0,4.025000035762787,76.26086956521739,0.0,0.0708333333333333,0.0,0.0,148.0,158.0,177.0,186.0,169.0,185.0,183.0,176.0,190.0,169.0
2398,2018-06-22T02:30:00,159.0,4.105500042438507,78.68595041322314,0.0,0.0708333333333333,0.0,0.0,145.0,148.0,158.0,177.0,186.0,169.0,185.0,183.0,176.0,138.0
2399,2018-06-22T02:35:00,171.0,4.186000049114227,78.38053097345133,0.0,0.0708333333333333,0.0,0.0,159.0,145.0,148.0,158.0,177.0,186.0,169.0,185.0,183.0,160.0
2400,2018-06-22T02:40:00,169.0,4.105500042438507,79.48091603053435,0.0,0.0708333333333333,0.0,0.0,171.0,159.0,145.0,148.0,158.0,177.0,186.0,169.0,185.0,156.0
2401,2018-06-22T02:45:00,138.0,4.105500042438507,78.128,0.0,0.0708333333333333,0.0,0.0,169.0,171.0,159.0,145.0,148.0,158.0,177.0,186.0,169.0,126.0
2402,2018-06-22T02:50:00,160.0,4.025000035762787,78.47058823529412,0.0,0.0708333333333333,0.0,0.0,138.0,169.0,171.0,159.0,145.0,148.0,158.0,177.0,186.0,149.0
2403,2018-06-22T02:55:00,156.0,4.025000035762787,74.97391304347826,0.0,0.0708333333333333,0.0,0.0,160.0,138.0,169.0,171.0,159.0,145.0,148.0,158.0,177.0,145.0
2404,2018-06-22T03:00:00,126.0,4.025000035762787,73.11023622047244,0.0,0.0541666666666666,0.0,0.0,156.0,160.0,138.0,169.0,171.0,159.0,145.0,148.0,158.0,115.0
2405,2018-06-22T03:05:00,149.0,4.025000035762787,72.13475177304964,0.0,0.0541666666666666,0.0,0.0,126.0,156.0,160.0,138.0,169.0,171.0,159.0,145.0,148.0,146.0
2406,2018-06-22T03:10:00,145.0,4.025000035762787,72.552,0.0,0.0541666666666666,0.0,0.0,149.0,126.0,156.0,160.0,138.0,169.0,171.0,159.0,145.0,144.0
2407,2018-06-22T03:15:00,115.0,4.025000035762787,72.59663865546219,0.0,0.0541666666666666,0.0,0.0,145.0,149.0,126.0,156.0,160.0,138.0,169.0,171.0,159.0,109.0
2408,2018-06-22T03:20:00,146.0,4.105500042438507,72.71186440677967,0.0,0.0541666666666666,0.0,0.0,115.0,145.0,149.0,126.0,156.0,160.0,138.0,169.0,171.0,135.0
2409,2018-06-22T03:25:00,144.0,4.025000035762787,70.5,0.0,0.0541666666666666,0.0,0.0,146.0,115.0,145.0,149.0,126.0,156.0,160.0,138.0,169.0,128.0
2410,2018-06-22T03:30:00,109.0,4.105500042438507,69.98360655737704,0.0,0.0541666666666666,0.0,0.0,144.0,146.0,115.0,145.0,149.0,126.0,156.0,160.0,138.0,103.0
2411,2018-06-22T03:35:00,135.0,4.025000035762787,68.78048780487805,0.0,0.0541666666666666,0.0,0.0,109.0,144.0,146.0,115.0,145.0,149.0,126.0,156.0,160.0,128.0
2412,2018-06-22T03:40:00,128.0,4.025000035762787,67.39166666666667,0.0,0.0541666666666666,0.0,0.0,135.0,109.0,144.0,146.0,115.0,145.0,149.0,126.0,156.0,126.0
2413,2018-06-22T03:45:00,103.0,4.025000035762787,66.43650793650794,0.0,0.0541666666666666,0.0,0.0,128.0,135.0,109.0,144.0,146.0,115.0,145.0,149.0,126.0,95.0
2414,2018-06-22T03:50:00,128.0,4.025000035762787,66.16,0.0,0.0541666666666666,0.0,0.0,103.0,128.0,135.0,109.0,144.0,146.0,115.0,145.0,149.0,121.0
2415,2018-06-22T03:55:00,126.0,4.025000035762787,67.39516129032258,0.0,0.0541666666666666,0.0,0.0,128.0,103.0,128.0,135.0,109.0,144.0,146.0,115.0,145.0,117.0
2416,2018-06-22T04:00:00,95.0,4.025000035762787,64.6,0.0,0.0541666666666666,0.0,0.0,126.0,128.0,103.0,128.0,135.0,109.0,144.0,146.0,115.0,83.0
2417,2018-06-22T04:05:00,121.0,4.025000035762787,66.00751879699249,0.0,0.0541666666666666,0.0,0.0,95.0,126.0,128.0,103.0,128.0,135.0,109.0,144.0,146.0,101.0
2418,2018-06-22T04:10:00,117.0,4.025000035762787,66.68382352941177,0.0,0.0541666666666666,0.0,0.0,121.0,95.0,126.0,128.0,103.0,128.0,135.0,109.0,144.0,93.0
2419,2018-06-22T04:15:00,83.0,4.025000035762787,65.76923076923077,0.0,0.0541666666666666,0.0,0.0,117.0,121.0,95.0,126.0,128.0,103.0,128.0,135.0,109.0,81.0
2420,2018-06-22T04:20:00,101.0,4.186000049114227,65.86290322580645,0.0,0.0,0.0,0.0,83.0,117.0,121.0,95.0,126.0,128.0,103.0,128.0,135.0,94.0
2421,2018-06-22T04:25:00,93.0,6.2790000438690186,81.58974358974359,20.0,0.0,0.0,0.0,101.0,83.0,117.0,121.0,95.0,126.0,128.0,103.0,128.0,93.0
2422,2018-06-22T04:30:00,81.0,5.554499983787537,70.33064516129032,8.0,0.0,0.0,0.0,93.0,101.0,83.0,117.0,121.0,95.0,126.0,128.0,103.0,89.0
2423,2018-06-22T04:35:00,94.0,6.520500063896179,72.72727272727273,0.0,0.0,0.0,0.0,81.0,93.0,101.0,83.0,117.0,121.0,95.0,126.0,128.0,115.0
2424,2018-06-22T04:40:00,93.0,4.025000035762787,61.47826086956522,0.0,0.0,0.0,0.0,94.0,81.0,93.0,101.0,83.0,117.0,121.0,95.0,126.0,123.0
2425,2018-06-22T04:45:00,89.0,4.025000035762787,63.040983606557376,0.0,0.0,0.0,0.0,93.0,94.0,81.0,93.0,101.0,83.0,117.0,121.0,95.0,109.0
2426,2018-06-22T04:50:00,115.0,5.393499970436096,66.1025641025641,14.0,0.0,0.0,0.0,89.0,93.0,94.0,81.0,93.0,101.0,83.0,117.0,121.0,121.0
2427,2018-06-22T04:55:00,123.0,5.957000076770783,68.92622950819673,5.0,0.0,0.0,0.0,115.0,89.0,93.0,94.0,81.0,93.0,101.0,83.0,117.0,122.0
2428,2018-06-22T05:00:00,109.0,4.025000035762787,67.37190082644628,0.0,0.0,0.0,0.0,123.0,115.0,89.0,93.0,94.0,81.0,93.0,101.0,83.0,112.0
2429,2018-06-22T05:05:00,121.0,4.025000035762787,64.30909090909091,0.0,0.0,0.0,0.0,109.0,123.0,115.0,89.0,93.0,94.0,81.0,93.0,101.0,115.0
2430,2018-06-22T05:10:00,122.0,4.025000035762787,62.0353982300885,0.0,0.0,0.0,0.0,121.0,109.0,123.0,115.0,89.0,93.0,94.0,81.0,93.0,108.0
2431,2018-06-22T05:15:00,112.0,4.025000035762787,64.1864406779661,0.0,0.0,0.0,0.0,122.0,121.0,109.0,123.0,115.0,89.0,93.0,94.0,81.0,114.0
2432,2018-06-22T05:20:00,115.0,4.025000035762787,64.98275862068965,0.0,0.0416666666666666,0.0,0.0,112.0,122.0,121.0,109.0,123.0,115.0,89.0,93.0,94.0,107.0
2433,2018-06-22T05:25:00,108.0,4.025000035762787,63.495327102803735,0.0,0.0416666666666666,0.0,0.0,115.0,112.0,122.0,121.0,109.0,123.0,115.0,89.0,93.0,111.0
2434,2018-06-22T05:30:00,114.0,4.025000035762787,64.13157894736842,0.0,0.0416666666666666,0.0,0.0,108.0,115.0,112.0,122.0,121.0,109.0,123.0,115.0,89.0,120.0
2435,2018-06-22T05:35:00,107.0,4.025000035762787,64.51818181818182,0.0,0.0416666666666666,0.0,0.0,114.0,108.0,115.0,112.0,122.0,121.0,109.0,123.0,115.0,121.0
2436,2018-06-22T05:40:00,111.0,4.025000035762787,64.21929824561404,0.0,0.0416666666666666,0.0,0.0,107.0,114.0,108.0,115.0,112.0,122.0,121.0,109.0,123.0,127.0
2437,2018-06-22T05:45:00,120.0,4.105500042438507,65.3515625,0.0,0.0416666666666666,0.0,0.0,111.0,107.0,114.0,108.0,115.0,112.0,122.0,121.0,109.0,117.0
2438,2018-06-22T05:50:00,121.0,4.025000035762787,63.16101694915254,0.0,0.0416666666666666,0.0,0.0,120.0,111.0,107.0,114.0,108.0,115.0,112.0,122.0,121.0,144.0
2439,2018-06-22T05:55:00,127.0,4.025000035762787,63.2,0.0,0.0416666666666666,0.0,0.0,121.0,120.0,111.0,107.0,114.0,108.0,115.0,112.0,122.0,147.0
2440,2018-06-22T06:00:00,117.0,4.105500042438507,64.448,0.0,0.0416666666666666,0.0,0.0,127.0,121.0,120.0,111.0,107.0,114.0,108.0,115.0,112.0,116.0
2441,2018-06-22T06:05:00,144.0,4.025000035762787,62.3421052631579,0.0,0.0416666666666666,0.0,0.0,117.0,127.0,121.0,120.0,111.0,107.0,114.0,108.0,115.0,155.0
2442,2018-06-22T06:10:00,147.0,4.025000035762787,60.62068965517241,0.0,0.0416666666666666,0.0,0.0,144.0,117.0,127.0,121.0,120.0,111.0,107.0,114.0,108.0,159.0
2443,2018-06-22T06:15:00,116.0,4.105500042438507,62.233870967741936,0.0,0.0416666666666666,0.0,0.0,147.0,144.0,117.0,127.0,121.0,120.0,111.0,107.0,114.0,119.0
2444,2018-06-22T06:20:00,155.0,4.025000035762787,61.66666666666666,0.0,0.0416666666666666,0.0,0.0,116.0,147.0,144.0,117.0,127.0,121.0,120.0,111.0,107.0,166.0
2445,2018-06-22T06:25:00,159.0,4.025000035762787,62.32203389830509,0.0,0.0416666666666666,0.0,0.0,155.0,116.0,147.0,144.0,117.0,127.0,121.0,120.0,111.0,169.0
2446,2018-06-22T06:30:00,119.0,4.025000035762787,63.28947368421053,0.0,0.0416666666666666,0.0,0.0,159.0,155.0,116.0,147.0,144.0,117.0,127.0,121.0,120.0,118.0
2447,2018-06-22T06:35:00,166.0,4.025000035762787,63.23364485981308,0.0,0.0416666666666666,0.0,0.0,119.0,159.0,155.0,116.0,147.0,144.0,117.0,127.0,121.0,174.0
2448,2018-06-22T06:40:00,169.0,4.025000035762787,63.495726495726494,0.0,0.0416666666666666,0.0,0.0,166.0,119.0,159.0,155.0,116.0,147.0,144.0,117.0,127.0,172.0
2449,2018-06-22T06:45:00,118.0,4.025000035762787,62.72222222222222,0.0,0.0416666666666666,0.0,0.0,169.0,166.0,119.0,159.0,155.0,116.0,147.0,144.0,117.0,114.0
2450,2018-06-22T06:50:00,174.0,4.025000035762787,61.40495867768595,0.0,0.0416666666666666,0.0,0.0,118.0,169.0,166.0,119.0,159.0,155.0,116.0,147.0,144.0,172.0
2451,2018-06-22T06:55:00,172.0,4.025000035762787,61.57264957264957,0.0,0.0416666666666666,0.0,0.0,174.0,118.0,169.0,166.0,119.0,159.0,155.0,116.0,147.0,176.0
2452,2018-06-22T07:00:00,114.0,4.025000035762787,61.81967213114754,0.0,0.0416666666666666,0.0,0.0,172.0,174.0,118.0,169.0,166.0,119.0,159.0,155.0,116.0,112.0
2453,2018-06-22T07:05:00,172.0,4.025000035762787,61.70338983050848,0.0,0.0416666666666666,0.0,0.0,114.0,172.0,174.0,118.0,169.0,166.0,119.0,159.0,155.0,171.0
2454,2018-06-22T07:10:00,176.0,4.025000035762787,62.016,0.0,0.0416666666666666,0.0,0.0,172.0,114.0,172.0,174.0,118.0,169.0,166.0,119.0,159.0,161.0
2455,2018-06-22T07:15:00,112.0,4.025000035762787,62.083333333333336,0.0,0.0416666666666666,0.0,0.0,176.0,172.0,114.0,172.0,174.0,118.0,169.0,166.0,119.0,111.0
2456,2018-06-22T07:20:00,171.0,4.025000035762787,65.59663865546219,0.0,0.0416666666666666,0.0,0.0,112.0,176.0,172.0,114.0,172.0,174.0,118.0,169.0,166.0,150.0
2457,2018-06-22T07:25:00,161.0,4.025000035762787,65.95901639344262,0.0,0.0416666666666666,0.0,0.0,171.0,112.0,176.0,172.0,114.0,172.0,174.0,118.0,169.0,155.0
2458,2018-06-22T07:30:00,111.0,4.025000035762787,63.578512396694215,0.0,0.0416666666666666,0.0,0.0,161.0,171.0,112.0,176.0,172.0,114.0,172.0,174.0,118.0,112.0
2459,2018-06-22T07:35:00,150.0,4.025000035762787,63.27272727272727,0.0,0.0416666666666666,0.0,0.0,111.0,161.0,171.0,112.0,176.0,172.0,114.0,172.0,174.0,155.0
2460,2018-06-22T07:40:00,155.0,4.025000035762787,65.58333333333333,0.0,0.0416666666666666,0.0,0.0,150.0,111.0,161.0,171.0,112.0,176.0,172.0,114.0,172.0,150.0
2461,2018-06-22T07:45:00,112.0,4.025000035762787,66.02521008403362,0.0,0.0416666666666666,0.0,0.0,155.0,150.0,111.0,161.0,171.0,112.0,176.0,172.0,114.0,119.0
2462,2018-06-22T07:50:00,155.0,4.025000035762787,66.46491228070175,0.0,0.0416666666666666,0.0,0.0,112.0,155.0,150.0,111.0,161.0,171.0,112.0,176.0,172.0,152.0
2463,2018-06-22T07:55:00,150.0,4.025000035762787,66.64220183486239,0.0,0.0416666666666666,0.0,0.0,155.0,112.0,155.0,150.0,111.0,161.0,171.0,112.0,176.0,154.0
2464,2018-06-22T08:00:00,119.0,4.105500042438507,69.13934426229508,0.0,0.0416666666666666,0.0,0.0,150.0,155.0,112.0,155.0,150.0,111.0,161.0,171.0,112.0,123.0
2465,2018-06-22T08:05:00,152.0,4.025000035762787,64.65517241379311,0.0,0.0416666666666666,0.0,0.0,119.0,150.0,155.0,112.0,155.0,150.0,111.0,161.0,171.0,156.0
2466,2018-06-22T08:10:00,154.0,4.025000035762787,63.6864406779661,0.0,0.0416666666666666,0.0,0.0,152.0,119.0,150.0,155.0,112.0,155.0,150.0,111.0,161.0,160.0
2467,2018-06-22T08:15:00,123.0,4.025000035762787,63.61061946902655,0.0,0.0416666666666666,0.0,0.0,154.0,152.0,119.0,150.0,155.0,112.0,155.0,150.0,111.0,122.0
2468,2018-06-22T08:20:00,156.0,4.025000035762787,63.5045045045045,0.0,0.0416666666666666,0.0,0.0,123.0,154.0,152.0,119.0,150.0,155.0,112.0,155.0,150.0,178.0
2469,2018-06-22T08:25:00,160.0,4.025000035762787,63.13793103448276,0.0,0.0416666666666666,0.0,0.0,156.0,123.0,154.0,152.0,119.0,150.0,155.0,112.0,155.0,178.0
2470,2018-06-22T08:30:00,122.0,4.105500042438507,63.582608695652176,0.0,0.0416666666666666,0.0,0.0,160.0,156.0,123.0,154.0,152.0,119.0,150.0,155.0,112.0,118.0
2471,2018-06-22T08:35:00,178.0,4.025000035762787,64.08547008547009,0.0,0.0416666666666666,0.0,0.0,122.0,160.0,156.0,123.0,154.0,152.0,119.0,150.0,155.0,184.0
2472,2018-06-22T08:40:00,178.0,4.025000035762787,65.05833333333334,0.0,0.0416666666666666,0.0,0.0,178.0,122.0,160.0,156.0,123.0,154.0,152.0,119.0,150.0,199.0
2473,2018-06-22T08:45:00,118.0,4.025000035762787,67.89922480620154,0.0,0.0416666666666666,0.0,0.0,178.0,178.0,122.0,160.0,156.0,123.0,154.0,152.0,119.0,116.0
2474,2018-06-22T08:50:00,184.0,4.025000035762787,66.90163934426229,0.0,0.0416666666666666,0.0,0.0,118.0,178.0,178.0,122.0,160.0,156.0,123.0,154.0,152.0,201.0
2475,2018-06-22T08:55:00,199.0,4.025000035762787,66.22222222222223,0.0,0.0416666666666666,0.0,0.0,184.0,118.0,178.0,178.0,122.0,160.0,156.0,123.0,154.0,203.0
2476,2018-06-22T09:00:00,116.0,4.025000035762787,64.51239669421487,0.0,0.0375,0.0,0.0,199.0,184.0,118.0,178.0,178.0,122.0,160.0,156.0,123.0,116.0
2477,2018-06-22T09:05:00,201.0,4.025000035762787,64.3821138211382,0.0,0.0375,0.0,0.0,116.0,199.0,184.0,118.0,178.0,178.0,122.0,160.0,156.0,119.0
2478,2018-06-22T09:10:00,203.0,4.105500042438507,65.6910569105691,0.0,0.0375,0.0,0.0,201.0,116.0,199.0,184.0,118.0,178.0,178.0,122.0,160.0,122.0
2479,2018-06-22T09:15:00,116.0,4.025000035762787,65.25,0.0,0.0375,0.0,0.0,203.0,201.0,116.0,199.0,184.0,118.0,178.0,178.0,122.0,125.0
2480,2018-06-22T09:20:00,119.0,4.025000035762787,66.37719298245614,0.0,0.0375,0.0,0.0,116.0,203.0,201.0,116.0,199.0,184.0,118.0,178.0,178.0,123.33333333333331
2481,2018-06-22T09:25:00,122.0,4.025000035762787,67.10169491525424,0.0,0.0375,0.0,0.0,119.0,116.0,203.0,201.0,116.0,199.0,184.0,118.0,178.0,121.66666666666669
2482,2018-06-22T09:30:00,125.0,4.025000035762787,66.75630252100841,0.0,0.0375,0.0,0.0,122.0,119.0,116.0,203.0,201.0,116.0,199.0,184.0,118.0,120.0
2483,2018-06-22T09:35:00,123.33333333333331,5.474000096321106,73.43703703703704,25.0,0.0375,0.0,0.0,125.0,122.0,119.0,116.0,203.0,201.0,116.0,199.0,184.0,130.0
2484,2018-06-22T09:40:00,121.66666666666669,4.347000002861023,79.44715447154472,0.0,0.0375,0.0,0.0,123.33333333333331,125.0,122.0,119.0,116.0,203.0,201.0,116.0,199.0,137.0
2485,2018-06-22T09:45:00,120.0,7.164499819278717,86.23255813953489,8.0,0.0375,0.0,0.0,121.66666666666669,123.33333333333331,125.0,122.0,119.0,116.0,203.0,201.0,116.0,144.0
2486,2018-06-22T09:50:00,130.0,6.439999938011169,89.48251748251748,7.0,0.0375,3.0,3.0,120.0,121.66666666666669,123.33333333333331,125.0,122.0,119.0,116.0,203.0,201.0,158.0
2487,2018-06-22T09:55:00,137.0,4.025000035762787,77.26190476190476,0.0,0.0375,0.0,0.0,130.0,120.0,121.66666666666669,123.33333333333331,125.0,122.0,119.0,116.0,203.0,164.0
2488,2018-06-22T10:00:00,144.0,4.025000035762787,73.171875,0.0,0.0375,0.0,0.0,137.0,130.0,120.0,121.66666666666669,123.33333333333331,125.0,122.0,119.0,116.0,199.0
2489,2018-06-22T10:05:00,158.0,4.105500042438507,75.87272727272727,0.0,0.0375,0.0,0.0,144.0,137.0,130.0,120.0,121.66666666666669,123.33333333333331,125.0,122.0,119.0,209.0
2490,2018-06-22T10:10:00,164.0,4.025000035762787,78.80701754385964,0.0,0.0375,0.0,0.0,158.0,144.0,137.0,130.0,120.0,121.66666666666669,123.33333333333331,125.0,122.0,226.0
2491,2018-06-22T10:15:00,199.0,6.198500037193298,79.70796460176992,33.0,0.0375,0.0,0.0,164.0,158.0,144.0,137.0,130.0,120.0,121.66666666666669,123.33333333333331,125.0,242.0
2492,2018-06-22T10:20:00,209.0,7.728000044822693,74.92622950819673,30.0,0.0375,0.0,0.0,199.0,164.0,158.0,144.0,137.0,130.0,120.0,121.66666666666669,123.33333333333331,240.0
2493,2018-06-22T10:25:00,226.0,6.922999918460846,81.62921348314607,25.0,0.0375,0.0,0.0,209.0,199.0,164.0,158.0,144.0,137.0,130.0,120.0,121.66666666666669,236.0
2494,2018-06-22T10:30:00,242.0,4.025000035762787,85.30834981819145,0.0,0.0375,0.0,0.0,226.0,209.0,199.0,164.0,158.0,144.0,137.0,130.0,120.0,246.0
2495,2018-06-22T10:35:00,240.0,4.025000035762787,83.3598715931506,0.0,0.0375,0.0,0.0,242.0,226.0,209.0,199.0,164.0,158.0,144.0,137.0,130.0,242.0
2496,2018-06-22T10:40:00,236.0,4.025000035762787,79.0561260744947,0.0,0.0375,0.0,0.0,240.0,242.0,226.0,209.0,199.0,164.0,158.0,144.0,137.0,250.0
2497,2018-06-22T10:45:00,246.0,4.025000035762787,75.66946052869488,0.0,0.0375,0.0,0.0,236.0,240.0,242.0,226.0,209.0,199.0,164.0,158.0,144.0,241.0
2498,2018-06-22T10:50:00,242.0,4.186000049114227,76.47222222222223,0.0,0.0375,0.0,0.0,246.0,236.0,240.0,242.0,226.0,209.0,199.0,164.0,158.0,271.0
2499,2018-06-22T10:55:00,250.0,7.8084999322891235,83.68468468468468,57.0,0.0375,0.0,0.0,242.0,246.0,236.0,240.0,242.0,226.0,209.0,199.0,164.0,273.0
2500,2018-06-22T11:00:00,241.0,9.17699992656708,92.25,43.0,0.0375,0.0,0.0,250.0,242.0,246.0,236.0,240.0,242.0,226.0,209.0,199.0,244.0
2501,2018-06-22T11:05:00,271.0,7.727999866008759,91.64957264957263,18.0,0.0375,0.0,0.0,241.0,250.0,242.0,246.0,236.0,240.0,242.0,226.0,209.0,263.0
2502,2018-06-22T11:10:00,273.0,11.189499855041507,93.33928571428572,72.0,0.0375,0.0,0.0,271.0,241.0,250.0,242.0,246.0,236.0,240.0,242.0,226.0,272.0
2503,2018-06-22T11:15:00,244.0,10.06249988079071,91.53389830508476,46.0,0.0375,0.0,0.0,273.0,271.0,241.0,250.0,242.0,246.0,236.0,240.0,242.0,248.0
2504,2018-06-22T11:20:00,263.0,14.16799998283386,90.9758064516129,197.0,0.0375,0.0,0.0,244.0,273.0,271.0,241.0,250.0,242.0,246.0,236.0,240.0,285.0
2505,2018-06-22T11:25:00,272.0,18.837000370025635,113.02816901408453,182.0,0.0375,0.0,0.0,263.0,244.0,273.0,271.0,241.0,250.0,242.0,246.0,236.0,287.0
2506,2018-06-22T11:30:00,248.0,4.508000016212463,82.37719298245614,0.0,0.0375,0.0,0.0,272.0,263.0,244.0,273.0,271.0,241.0,250.0,242.0,246.0,249.0
2507,2018-06-22T11:35:00,285.0,4.186000049114227,75.73333333333333,0.0,0.0375,0.0,0.0,248.0,272.0,263.0,244.0,273.0,271.0,241.0,250.0,242.0,286.0
2508,2018-06-22T11:40:00,287.0,4.025000035762787,74.54918032786885,0.0,0.0375,0.0,0.0,285.0,248.0,272.0,263.0,244.0,273.0,271.0,241.0,250.0,283.0
2509,2018-06-22T11:45:00,249.0,4.186000049114227,71.19491525423729,0.0,0.0375,0.0,0.0,287.0,285.0,248.0,272.0,263.0,244.0,273.0,271.0,241.0,243.0
2510,2018-06-22T11:50:00,286.0,4.025000035762787,72.48484848484848,0.0,0.0375,0.0,0.0,249.0,287.0,285.0,248.0,272.0,263.0,244.0,273.0,271.0,271.0
2511,2018-06-22T11:55:00,283.0,4.186000049114227,75.74436090225564,0.0,0.0375,0.0,0.0,286.0,249.0,287.0,285.0,248.0,272.0,263.0,244.0,273.0,262.0
2512,2018-06-22T12:00:00,243.0,4.266500055789948,77.1969696969697,0.0,0.0375,0.0,0.0,283.0,286.0,249.0,287.0,285.0,248.0,272.0,263.0,244.0,222.0
2513,2018-06-22T12:05:00,271.0,4.347000062465668,78.48062015503876,0.0,0.0375,0.0,0.0,243.0,283.0,286.0,249.0,287.0,285.0,248.0,272.0,263.0,243.0
2514,2018-06-22T12:10:00,262.0,17.629499852657318,94.55223880597016,322.0,0.0375,0.0,0.0,271.0,243.0,283.0,286.0,249.0,287.0,285.0,248.0,272.0,238.0
2515,2018-06-22T12:15:00,222.0,13.92650008201599,97.1268656716418,149.0,0.0375,0.0,0.0,262.0,271.0,243.0,283.0,286.0,249.0,287.0,285.0,248.0,196.0
2516,2018-06-22T12:20:00,243.0,13.76550006866455,101.05555555555556,124.0,0.0375,0.0,0.0,222.0,262.0,271.0,243.0,283.0,286.0,249.0,287.0,285.0,222.0
2517,2018-06-22T12:25:00,238.0,15.455999851226808,99.28155339805824,241.0,0.0375,0.0,0.0,243.0,222.0,262.0,271.0,243.0,283.0,286.0,249.0,287.0,218.0
2518,2018-06-22T12:30:00,196.0,5.152000069618225,74.75675675675676,7.0,0.0375,0.0,0.0,238.0,243.0,222.0,262.0,271.0,243.0,283.0,286.0,249.0,180.0
2519,2018-06-22T12:35:00,222.0,16.261000335216522,108.48979591836736,199.0,0.0375,0.0,0.0,196.0,238.0,243.0,222.0,262.0,271.0,243.0,283.0,286.0,208.0
2520,2018-06-22T12:40:00,218.0,5.473999977111816,82.80851063829788,10.0,0.0375,0.0,0.0,222.0,196.0,238.0,243.0,222.0,262.0,271.0,243.0,283.0,206.0
2521,2018-06-22T12:45:00,180.0,12.718999862670898,83.19642857142857,125.0,0.0375,0.0,0.0,218.0,222.0,196.0,238.0,243.0,222.0,262.0,271.0,243.0,170.0
2522,2018-06-22T12:50:00,208.0,11.752999901771544,84.21428571428571,97.0,0.0375,0.0,0.0,180.0,218.0,222.0,196.0,238.0,243.0,222.0,262.0,271.0,199.0
2523,2018-06-22T12:55:00,206.0,7.244999885559083,84.91803278688525,61.0,0.0375,0.0,0.0,208.0,180.0,218.0,222.0,196.0,238.0,243.0,222.0,262.0,195.0
2524,2018-06-22T13:00:00,170.0,8.532999813556671,83.69421487603306,35.0,0.0375,0.0,0.0,206.0,208.0,180.0,218.0,222.0,196.0,238.0,243.0,222.0,155.0
2525,2018-06-22T13:05:00,199.0,4.749499976634979,84.30630630630631,0.0,0.0375,0.0,0.0,170.0,206.0,208.0,180.0,218.0,222.0,196.0,238.0,243.0,188.0
2526,2018-06-22T13:10:00,195.0,8.532999753952026,87.44859813084112,27.0,0.0375,0.0,0.0,199.0,170.0,206.0,208.0,180.0,218.0,222.0,196.0,238.0,183.0
2527,2018-06-22T13:15:00,155.0,10.867499828338628,93.5140186915888,25.0,0.0375,0.0,0.0,195.0,199.0,170.0,206.0,208.0,180.0,218.0,222.0,196.0,142.0
2528,2018-06-22T13:20:00,188.0,6.27899992465973,89.075,18.0,0.0375,0.0,0.0,155.0,195.0,199.0,170.0,206.0,208.0,180.0,218.0,222.0,171.0
2529,2018-06-22T13:25:00,183.0,4.749499976634979,83.20689655172414,0.0,0.0375,0.0,0.0,188.0,155.0,195.0,199.0,170.0,206.0,208.0,180.0,218.0,166.0
2530,2018-06-22T13:30:00,142.0,7.486499905586244,84.79032258064517,41.0,0.0375,0.0,0.0,183.0,188.0,155.0,195.0,199.0,170.0,206.0,208.0,180.0,135.0
2531,2018-06-22T13:35:00,171.0,13.76550006866455,92.912,150.0,0.0375,0.0,0.0,142.0,183.0,188.0,155.0,195.0,199.0,170.0,206.0,208.0,164.0
2532,2018-06-22T13:40:00,166.0,6.440000057220459,95.11016949152544,0.0,0.0375,0.0,0.0,171.0,142.0,183.0,188.0,155.0,195.0,199.0,170.0,206.0,161.0
2533,2018-06-22T13:45:00,135.0,14.81199997663498,94.8157894736842,217.0,0.0375,0.0,0.0,166.0,171.0,142.0,183.0,188.0,155.0,195.0,199.0,170.0,127.0
2534,2018-06-22T13:50:00,164.0,37.51300001144409,146.6120218579235,517.0,0.0375,0.0,0.0,135.0,166.0,171.0,142.0,183.0,188.0,155.0,195.0,199.0,151.0
2535,2018-06-22T13:55:00,161.0,16.421999514102936,167.32258064516128,159.0,0.0375,0.0,0.0,164.0,135.0,166.0,171.0,142.0,183.0,188.0,155.0,195.0,147.0
2536,2018-06-22T14:00:00,127.0,8.372000038623808,77.10280373831776,61.0,0.0375,0.0,0.0,161.0,164.0,135.0,166.0,171.0,142.0,183.0,188.0,155.0,102.0
2537,2018-06-22T14:05:00,151.0,25.75999975204468,124.89506172839506,419.0,0.0375,0.0,0.0,127.0,161.0,164.0,135.0,166.0,171.0,142.0,183.0,188.0,137.0
2538,2018-06-22T14:10:00,147.0,31.234000205993656,139.4857142857143,371.0,0.0375,0.0,0.0,151.0,127.0,161.0,164.0,135.0,166.0,171.0,142.0,183.0,132.0
2539,2018-06-22T14:15:00,102.0,29.78500080108643,136.12328767123287,128.0,0.0375,0.0,0.0,147.0,151.0,127.0,161.0,164.0,135.0,166.0,171.0,142.0,102.0
2540,2018-06-22T14:20:00,137.0,16.261000096797943,91.59649122807018,222.0,0.0375,0.0,0.0,102.0,147.0,151.0,127.0,161.0,164.0,135.0,166.0,171.0,124.0
2541,2018-06-22T14:25:00,132.0,4.588499963283539,79.73484848484848,0.0,0.0375,0.0,0.0,137.0,102.0,147.0,151.0,127.0,161.0,164.0,135.0,166.0,135.0
2542,2018-06-22T14:30:00,102.0,4.266500055789948,76.51282051282051,0.0,0.0375,0.0,0.0,132.0,137.0,102.0,147.0,151.0,127.0,161.0,164.0,135.0,152.0
2543,2018-06-22T14:35:00,124.0,4.427500069141388,79.05982905982906,0.0,0.0375,0.0,0.0,102.0,132.0,137.0,102.0,147.0,151.0,127.0,161.0,164.0,180.0
2544,2018-06-22T14:40:00,135.0,4.186000049114227,79.37931034482759,0.0,0.0375,0.0,0.0,124.0,102.0,132.0,137.0,102.0,147.0,151.0,127.0,161.0,197.0
2545,2018-06-22T14:45:00,152.0,4.186000049114227,83.68,0.0,0.0375,0.0,0.0,135.0,124.0,102.0,132.0,137.0,102.0,147.0,151.0,127.0,207.0
2546,2018-06-22T14:50:00,180.0,4.508000075817108,84.69291338582677,0.0,0.0375,0.0,0.0,152.0,135.0,124.0,102.0,132.0,137.0,102.0,147.0,151.0,228.0
2547,2018-06-22T14:55:00,197.0,4.669000089168549,86.3089430894309,0.0,0.0375,0.0,0.0,180.0,152.0,135.0,124.0,102.0,132.0,137.0,102.0,147.0,236.0
2548,2018-06-22T15:00:00,207.0,4.830000102519989,89.03149606299213,0.0,0.0375,0.0,0.0,197.0,180.0,152.0,135.0,124.0,102.0,132.0,137.0,102.0,253.0
2549,2018-06-22T15:05:00,228.0,4.99099999666214,92.92436974789916,0.0,0.0375,5.1,4.0,207.0,197.0,180.0,152.0,135.0,124.0,102.0,132.0,137.0,296.0
2550,2018-06-22T15:10:00,236.0,4.9105000495910645,94.51304347826088,0.0,0.0375,0.0,0.0,228.0,207.0,197.0,180.0,152.0,135.0,124.0,102.0,132.0,321.0
2551,2018-06-22T15:15:00,253.0,4.9105000495910645,88.66071428571429,0.0,0.0375,0.0,0.0,236.0,228.0,207.0,197.0,180.0,152.0,135.0,124.0,102.0,287.0
2552,2018-06-22T15:20:00,296.0,4.9105000495910645,89.11475409836065,0.0,0.0375,0.0,0.0,253.0,236.0,228.0,207.0,197.0,180.0,152.0,135.0,124.0,345.0
2553,2018-06-22T15:25:00,321.0,4.830000102519989,87.19327731092437,0.0,0.0375,0.0,0.0,296.0,253.0,236.0,228.0,207.0,197.0,180.0,152.0,135.0,348.0
2554,2018-06-22T15:30:00,287.0,4.669000089168549,85.8157894736842,0.0,0.0375,0.0,0.0,321.0,296.0,253.0,236.0,228.0,207.0,197.0,180.0,152.0,299.0
2555,2018-06-22T15:35:00,345.0,6.279000043869019,89.45378151260505,0.0,0.0375,0.0,0.0,287.0,321.0,296.0,253.0,236.0,228.0,207.0,197.0,180.0,324.0
2556,2018-06-22T15:40:00,348.0,6.198499858379364,87.55963302752293,9.0,0.0375,0.0,0.0,345.0,287.0,321.0,296.0,253.0,236.0,228.0,207.0,197.0,322.0
2557,2018-06-22T15:45:00,299.0,7.808499813079835,90.89380530973452,26.0,0.0375,0.0,0.0,348.0,345.0,287.0,321.0,296.0,253.0,236.0,228.0,207.0,289.0
2558,2018-06-22T15:50:00,324.0,8.21099990606308,93.0,43.0,0.0375,0.0,0.0,299.0,348.0,345.0,287.0,321.0,296.0,253.0,236.0,228.0,341.0
2559,2018-06-22T15:55:00,322.0,12.718999981880188,95.49056603773585,170.0,0.0375,0.0,0.0,324.0,299.0,348.0,345.0,287.0,321.0,296.0,253.0,236.0,343.0
2560,2018-06-22T16:00:00,289.0,9.096499919891356,102.52136752136752,25.0,0.0375,0.0,0.0,322.0,324.0,299.0,348.0,345.0,287.0,321.0,296.0,253.0,303.0
2561,2018-06-22T16:05:00,341.0,4.9105000495910645,98.48031496062993,0.0,0.0375,0.0,0.0,289.0,322.0,324.0,299.0,348.0,345.0,287.0,321.0,296.0,336.0
2562,2018-06-22T16:10:00,343.0,5.071499943733215,96.79310344827586,0.0,0.0375,0.0,0.0,341.0,289.0,322.0,324.0,299.0,348.0,345.0,287.0,321.0,332.0
2563,2018-06-22T16:15:00,303.0,16.74399995803833,97.13761467889908,272.0,0.0375,0.0,0.0,343.0,341.0,289.0,322.0,324.0,299.0,348.0,345.0,287.0,296.0
2564,2018-06-22T16:20:00,336.0,14.248500108718872,99.45454545454544,145.0,0.0375,0.0,0.0,303.0,343.0,341.0,289.0,322.0,324.0,299.0,348.0,345.0,324.0
2565,2018-06-22T16:25:00,332.0,17.30750012397766,103.95890410958904,213.0,0.0375,0.0,0.0,336.0,303.0,343.0,341.0,289.0,322.0,324.0,299.0,348.0,323.0
2566,2018-06-22T16:30:00,296.0,7.245000004768372,100.78787878787878,6.0,0.0375,0.0,0.0,332.0,336.0,303.0,343.0,341.0,289.0,322.0,324.0,299.0,302.0
2567,2018-06-22T16:35:00,324.0,13.28250002861023,101.60227272727272,127.0,0.0375,0.0,0.0,296.0,332.0,336.0,303.0,343.0,341.0,289.0,322.0,324.0,332.0
2568,2018-06-22T16:40:00,323.0,5.071499943733215,97.94827586206895,0.0,0.0375,0.0,0.0,324.0,296.0,332.0,336.0,303.0,343.0,341.0,289.0,322.0,332.0
2569,2018-06-22T16:45:00,302.0,9.01600009202957,90.781512605042,81.0,0.0375,0.0,0.0,323.0,324.0,296.0,332.0,336.0,303.0,343.0,341.0,289.0,308.0
2570,2018-06-22T16:50:00,332.0,7.727999866008759,92.16216216216216,7.0,0.0375,0.0,0.0,302.0,323.0,324.0,296.0,332.0,336.0,303.0,343.0,341.0,339.0
2571,2018-06-22T16:55:00,332.0,6.520500004291534,96.9758064516129,0.0,0.0375,0.0,0.0,332.0,302.0,323.0,324.0,296.0,332.0,336.0,303.0,343.0,344.0
2572,2018-06-22T17:00:00,308.0,11.109000027179718,88.86666666666666,73.0,0.0916666666666666,0.0,0.0,332.0,332.0,302.0,323.0,324.0,296.0,332.0,336.0,303.0,308.0
2573,2018-06-22T17:05:00,339.0,10.786999881267546,86.18103448275862,51.0,0.0916666666666666,0.0,0.0,308.0,332.0,332.0,302.0,323.0,324.0,296.0,332.0,336.0,351.0
2574,2018-06-22T17:10:00,344.0,12.074999809265138,81.97247706422019,127.0,0.0916666666666666,0.0,0.0,339.0,308.0,332.0,332.0,302.0,323.0,324.0,296.0,332.0,361.0
2575,2018-06-22T17:15:00,308.0,6.118000030517578,81.8440366972477,48.0,0.0916666666666666,0.0,0.0,344.0,339.0,308.0,332.0,332.0,302.0,323.0,324.0,296.0,305.0
2576,2018-06-22T17:20:00,351.0,9.016000032424923,81.86792452830188,62.0,0.0916666666666666,0.0,0.0,308.0,344.0,339.0,308.0,332.0,332.0,302.0,323.0,324.0,390.0
2577,2018-06-22T17:25:00,361.0,19.883500337600708,105.5144927536232,246.0,0.0916666666666666,1.0,0.0,351.0,308.0,344.0,339.0,308.0,332.0,332.0,302.0,323.0,399.0
2578,2018-06-22T17:30:00,305.0,7.244999825954437,101.944,0.0,0.0916666666666666,0.5,0.0,361.0,351.0,308.0,344.0,339.0,308.0,332.0,332.0,302.0,340.0
2579,2018-06-22T17:35:00,390.0,14.490000247955322,107.59322033898304,105.0,0.0916666666666666,0.0,0.0,305.0,361.0,351.0,308.0,344.0,339.0,308.0,332.0,332.0,400.0
2580,2018-06-22T17:40:00,399.0,5.393499851226807,101.54629629629628,0.0,0.0916666666666666,0.0,0.0,390.0,305.0,361.0,351.0,308.0,344.0,339.0,308.0,332.0,393.0
2581,2018-06-22T17:45:00,340.0,5.232499837875366,99.52941176470588,0.0,0.0916666666666666,0.0,0.0,399.0,390.0,305.0,361.0,351.0,308.0,344.0,339.0,308.0,344.0
2582,2018-06-22T17:50:00,400.0,5.473999917507172,103.1965811965812,0.0,0.0916666666666666,0.0,0.0,340.0,399.0,390.0,305.0,361.0,351.0,308.0,344.0,339.0,387.0
2583,2018-06-22T17:55:00,393.0,7.164499938488007,100.78125,0.0,0.0916666666666666,0.0,0.0,400.0,340.0,399.0,390.0,305.0,361.0,351.0,308.0,344.0,388.0
2584,2018-06-22T18:00:00,344.0,8.130499958992004,98.78461538461538,28.0,0.0916666666666666,0.0,0.0,393.0,400.0,340.0,399.0,390.0,305.0,361.0,351.0,308.0,341.0
2585,2018-06-22T18:05:00,387.0,12.397000074386597,104.6390977443609,31.0,0.0916666666666666,0.0,0.0,344.0,393.0,400.0,340.0,399.0,390.0,305.0,361.0,351.0,397.0
2586,2018-06-22T18:10:00,388.0,15.697500228881836,108.10169491525424,158.0,0.0916666666666666,0.0,0.0,387.0,344.0,393.0,400.0,340.0,399.0,390.0,305.0,361.0,400.0
2587,2018-06-22T18:15:00,341.0,14.570500135421751,104.76,20.0,0.0916666666666666,0.0,0.0,388.0,387.0,344.0,393.0,400.0,340.0,399.0,390.0,305.0,330.0
2588,2018-06-22T18:20:00,397.0,6.681499898433685,98.09009009009009,7.0,0.0916666666666666,0.0,0.0,341.0,388.0,387.0,344.0,393.0,400.0,340.0,399.0,390.0,400.0
2589,2018-06-22T18:25:00,400.0,6.842499911785126,100.68548387096774,25.0,0.0916666666666666,0.0,0.0,397.0,341.0,388.0,387.0,344.0,393.0,400.0,340.0,399.0,400.0
2590,2018-06-22T18:30:00,330.0,5.151999950408936,90.68376068376068,0.0,0.0916666666666666,0.0,0.0,400.0,397.0,341.0,388.0,387.0,344.0,393.0,400.0,340.0,314.0
2591,2018-06-22T18:35:00,400.0,4.427500009536743,84.72131147540983,0.0,0.0916666666666666,0.0,0.0,330.0,400.0,397.0,341.0,388.0,387.0,344.0,393.0,400.0,400.0
2592,2018-06-22T18:40:00,400.0,4.347000062465668,84.66949152542372,0.0,0.0916666666666666,0.0,0.0,400.0,330.0,400.0,397.0,341.0,388.0,387.0,344.0,393.0,391.0
2593,2018-06-22T18:45:00,314.0,4.508000075817108,85.18461538461538,0.0,0.0916666666666666,0.0,0.0,400.0,400.0,330.0,400.0,397.0,341.0,388.0,387.0,344.0,298.0
2594,2018-06-22T18:50:00,400.0,4.508000075817108,85.91869918699187,0.0,0.0916666666666666,0.0,0.0,314.0,400.0,400.0,330.0,400.0,397.0,341.0,388.0,387.0,377.0
2595,2018-06-22T18:55:00,391.0,4.025000035762787,82.88888888888889,0.0,0.0916666666666666,0.0,0.0,400.0,314.0,400.0,400.0,330.0,400.0,397.0,341.0,388.0,360.0
2596,2018-06-22T19:00:00,298.0,4.508000075817108,85.23484848484848,0.0,0.075,0.0,0.0,391.0,400.0,314.0,400.0,400.0,330.0,400.0,397.0,341.0,291.0
2597,2018-06-22T19:05:00,377.0,4.508000075817108,91.8984375,0.0,0.075,0.0,0.0,298.0,391.0,400.0,314.0,400.0,400.0,330.0,400.0,397.0,365.0
2598,2018-06-22T19:10:00,360.0,8.21099990606308,101.58677685950413,0.0,0.075,0.0,0.0,377.0,298.0,391.0,400.0,314.0,400.0,400.0,330.0,400.0,359.0
2599,2018-06-22T19:15:00,291.0,7.969500124454498,100.5984251968504,0.0,0.075,0.0,0.0,360.0,377.0,298.0,391.0,400.0,314.0,400.0,400.0,330.0,279.0
2600,2018-06-22T19:20:00,365.0,4.830000102519989,92.5909090909091,0.0,0.075,0.0,0.0,291.0,360.0,377.0,298.0,391.0,400.0,314.0,400.0,400.0,345.0
2601,2018-06-22T19:25:00,359.0,4.830000102519989,88.5609756097561,0.0,0.075,0.0,0.0,365.0,291.0,360.0,377.0,298.0,391.0,400.0,314.0,400.0,338.0
2602,2018-06-22T19:30:00,279.0,4.830000102519989,87.72950819672131,0.0,0.075,0.0,0.0,359.0,365.0,291.0,360.0,377.0,298.0,391.0,400.0,314.0,265.0
2603,2018-06-22T19:35:00,345.0,4.025000035762787,77.15573770491804,0.0,0.075,0.0,0.0,279.0,359.0,365.0,291.0,360.0,377.0,298.0,391.0,400.0,338.0
2604,2018-06-22T19:40:00,338.0,4.186000049114227,76.55555555555556,0.0,0.075,0.0,0.0,345.0,279.0,359.0,365.0,291.0,360.0,377.0,298.0,391.0,337.0
2605,2018-06-22T19:45:00,265.0,4.830000102519989,87.71428571428571,0.0,0.075,0.0,0.0,338.0,345.0,279.0,359.0,365.0,291.0,360.0,377.0,298.0,264.0
2606,2018-06-22T19:50:00,338.0,4.508000075817108,86.248,0.0,0.075,0.0,0.0,265.0,338.0,345.0,279.0,359.0,365.0,291.0,360.0,377.0,331.0
2607,2018-06-22T19:55:00,337.0,4.508000075817108,83.90983606557377,0.0,0.075,0.0,0.0,338.0,265.0,338.0,345.0,279.0,359.0,365.0,291.0,360.0,330.0
2608,2018-06-22T20:00:00,264.0,4.669000089168549,87.5234375,0.0,0.075,0.0,0.0,337.0,338.0,265.0,338.0,345.0,279.0,359.0,365.0,291.0,248.0
2609,2018-06-22T20:05:00,331.0,4.669000089168549,87.63076923076923,0.0,0.075,1.0,0.0,264.0,337.0,338.0,265.0,338.0,345.0,279.0,359.0,365.0,289.0
2610,2018-06-22T20:10:00,330.0,4.9105000495910645,86.35185185185185,0.0,0.075,0.0,0.0,331.0,264.0,337.0,338.0,265.0,338.0,345.0,279.0,359.0,254.0
2611,2018-06-22T20:15:00,248.0,6.118000030517578,85.27826086956522,15.0,0.075,0.0,0.0,330.0,331.0,264.0,337.0,338.0,265.0,338.0,345.0,279.0,239.0
2612,2018-06-22T20:20:00,289.0,10.223499774932865,87.0,48.0,0.075,0.0,0.0,248.0,330.0,331.0,264.0,337.0,338.0,265.0,338.0,345.0,195.0
2613,2018-06-22T20:25:00,254.0,12.960499823093414,104.5096153846154,72.0,0.075,0.0,0.0,289.0,248.0,330.0,331.0,264.0,337.0,338.0,265.0,338.0,202.0
2614,2018-06-22T20:30:00,239.0,13.362999856472015,111.78625954198472,7.0,0.075,0.0,0.0,254.0,289.0,248.0,330.0,331.0,264.0,337.0,338.0,265.0,228.0
2615,2018-06-22T20:35:00,195.0,4.427500069141388,83.08196721311475,0.0,0.075,0.0,0.0,239.0,254.0,289.0,248.0,330.0,331.0,264.0,337.0,338.0,208.0
2616,2018-06-22T20:40:00,202.0,13.04099988937378,97.53846153846152,11.0,0.075,0.0,0.0,195.0,239.0,254.0,289.0,248.0,330.0,331.0,264.0,337.0,216.0
2617,2018-06-22T20:45:00,228.0,9.982000052928925,105.05042016806723,0.0,0.075,0.0,0.0,202.0,195.0,239.0,254.0,289.0,248.0,330.0,331.0,264.0,220.0
2618,2018-06-22T20:50:00,208.0,13.60450005531311,104.78260869565216,75.0,0.075,0.0,0.0,228.0,202.0,195.0,239.0,254.0,289.0,248.0,330.0,331.0,222.0
2619,2018-06-22T20:55:00,216.0,7.647499918937683,104.42335766423358,7.0,0.075,0.0,0.0,208.0,228.0,202.0,195.0,239.0,254.0,289.0,248.0,330.0,211.0
2620,2018-06-22T21:00:00,220.0,6.761999845504761,94.86178861788618,15.0,0.0583333333333333,0.0,0.0,216.0,208.0,228.0,202.0,195.0,239.0,254.0,289.0,248.0,212.0
2621,2018-06-22T21:05:00,222.0,6.681500017642975,98.82727272727271,0.0,0.0583333333333333,0.0,0.0,220.0,216.0,208.0,228.0,202.0,195.0,239.0,254.0,289.0,199.0
2622,2018-06-22T21:10:00,211.0,5.393499970436096,101.84545454545454,0.0,0.0583333333333333,0.0,0.0,222.0,220.0,216.0,208.0,228.0,202.0,195.0,239.0,254.0,205.0
2623,2018-06-22T21:15:00,212.0,5.393499910831451,103.51304347826088,0.0,0.0583333333333333,0.0,0.0,211.0,222.0,220.0,216.0,208.0,228.0,202.0,195.0,239.0,199.0
2624,2018-06-22T21:20:00,199.0,11.028500080108644,108.703125,0.0,0.0583333333333333,0.0,0.0,212.0,211.0,222.0,220.0,216.0,208.0,228.0,202.0,195.0,206.0
2625,2018-06-22T21:25:00,205.0,6.68150007724762,101.6946564885496,0.0,0.0583333333333333,0.0,0.0,199.0,212.0,211.0,222.0,220.0,216.0,208.0,228.0,202.0,194.0
2626,2018-06-22T21:30:00,199.0,10.303999900817873,94.4255319148936,54.0,0.0583333333333333,0.0,0.0,205.0,199.0,212.0,211.0,222.0,220.0,216.0,208.0,228.0,181.0
2627,2018-06-22T21:35:00,206.0,5.8765000104904175,90.69064748201438,3.0,0.0583333333333333,0.0,0.0,199.0,205.0,199.0,212.0,211.0,222.0,220.0,216.0,208.0,178.0
2628,2018-06-22T21:40:00,194.0,8.21099990606308,94.54961832061068,0.0,0.0583333333333333,0.0,0.0,206.0,199.0,205.0,199.0,212.0,211.0,222.0,220.0,216.0,175.0
2629,2018-06-22T21:45:00,181.0,4.99099987745285,90.6124031007752,0.0,0.0583333333333333,0.0,0.0,194.0,206.0,199.0,205.0,199.0,212.0,211.0,222.0,220.0,172.0
2630,2018-06-22T21:50:00,178.0,4.588500082492828,92.4186046511628,0.0,0.0583333333333333,0.0,0.0,181.0,194.0,206.0,199.0,205.0,199.0,212.0,211.0,222.0,168.0
2631,2018-06-22T21:55:00,175.0,6.520500004291534,100.33333333333331,0.0,0.0583333333333333,0.0,0.0,178.0,181.0,194.0,206.0,199.0,205.0,199.0,212.0,211.0,164.0
2632,2018-06-22T22:00:00,172.0,5.151999890804291,99.01769911504424,0.0,0.0583333333333333,0.0,0.0,175.0,178.0,181.0,194.0,206.0,199.0,205.0,199.0,212.0,160.0
2633,2018-06-22T22:05:00,168.0,5.2325000166893005,100.72413793103448,0.0,0.0583333333333333,0.0,0.0,172.0,175.0,178.0,181.0,194.0,206.0,199.0,205.0,199.0,158.0
2634,2018-06-22T22:10:00,164.0,4.9105000495910645,97.3846153846154,0.0,0.0583333333333333,0.0,0.0,168.0,172.0,175.0,178.0,181.0,194.0,206.0,199.0,205.0,156.0
2635,2018-06-22T22:15:00,160.0,12.557999968528748,111.71830985915491,0.0,0.0583333333333333,0.0,0.0,164.0,168.0,172.0,175.0,178.0,181.0,194.0,206.0,199.0,154.0
2636,2018-06-22T22:20:00,158.0,8.452499985694885,100.9516129032258,0.0,0.0583333333333333,0.0,0.0,160.0,164.0,168.0,172.0,175.0,178.0,181.0,194.0,206.0,150.0
2637,2018-06-22T22:25:00,156.0,4.99099999666214,87.80172413793103,0.0,0.0583333333333333,0.0,0.0,158.0,160.0,164.0,168.0,172.0,175.0,178.0,181.0,194.0,146.0
2638,2018-06-22T22:30:00,154.0,4.669000089168549,85.77685950413223,0.0,0.0583333333333333,0.0,0.0,156.0,158.0,160.0,164.0,168.0,172.0,175.0,178.0,181.0,142.0
2639,2018-06-22T22:35:00,150.0,13.926500082015991,99.6046511627907,154.0,0.0583333333333333,0.0,0.0,154.0,156.0,158.0,160.0,164.0,168.0,172.0,175.0,178.0,131.0
2640,2018-06-22T22:40:00,146.0,7.969499826431276,94.58730158730158,8.0,0.0583333333333333,0.0,0.0,150.0,154.0,156.0,158.0,160.0,164.0,168.0,172.0,175.0,131.0
2641,2018-06-22T22:45:00,142.0,8.130499839782715,92.97196261682242,34.0,0.0583333333333333,0.0,0.0,146.0,150.0,154.0,156.0,158.0,160.0,164.0,168.0,172.0,131.0
2642,2018-06-22T22:50:00,131.0,7.969499826431276,94.11009174311928,21.0,0.0583333333333333,0.0,0.0,142.0,146.0,150.0,154.0,156.0,158.0,160.0,164.0,168.0,132.0
2643,2018-06-22T22:55:00,131.0,9.659999847412111,93.71559633027525,41.0,0.0583333333333333,0.0,0.0,131.0,142.0,146.0,150.0,154.0,156.0,158.0,160.0,164.0,132.0
2644,2018-06-22T23:00:00,131.0,6.43999981880188,90.8608695652174,14.0,0.0583333333333333,0.0,0.0,131.0,131.0,142.0,146.0,150.0,154.0,156.0,158.0,160.0,156.0
2645,2018-06-22T23:05:00,132.0,5.956999897956848,84.04424778761062,9.0,0.0583333333333333,0.0,0.0,131.0,131.0,131.0,142.0,146.0,150.0,154.0,156.0,158.0,149.0
2646,2018-06-22T23:10:00,132.0,6.117999911308289,85.98148148148148,0.0,0.0583333333333333,0.0,0.0,132.0,131.0,131.0,131.0,142.0,146.0,150.0,154.0,156.0,171.0
2647,2018-06-22T23:15:00,156.0,7.486499786376953,88.27272727272727,0.0,0.0583333333333333,0.0,0.0,132.0,132.0,131.0,131.0,131.0,142.0,146.0,150.0,154.0,214.0
2648,2018-06-22T23:20:00,149.0,4.99099999666214,87.66379310344827,0.0,0.0583333333333333,0.0,0.0,156.0,132.0,132.0,131.0,131.0,131.0,142.0,146.0,150.0,219.0
2649,2018-06-22T23:25:00,171.0,5.796000003814697,85.69026548672566,0.0,0.0583333333333333,1.0,0.0,149.0,156.0,132.0,132.0,131.0,131.0,131.0,142.0,146.0,236.0
2650,2018-06-22T23:30:00,214.0,4.8299999833107,84.4957264957265,0.0,0.0583333333333333,0.0,0.0,171.0,149.0,156.0,132.0,132.0,131.0,131.0,131.0,142.0,260.0
2651,2018-06-22T23:35:00,219.0,6.43999981880188,88.42990654205607,10.0,0.0583333333333333,0.0,0.0,214.0,171.0,149.0,156.0,132.0,132.0,131.0,131.0,131.0,276.0
2652,2018-06-22T23:40:00,236.0,5.7959999442100525,80.74311926605505,0.0,0.0583333333333333,0.0,0.0,219.0,214.0,171.0,149.0,156.0,132.0,132.0,131.0,131.0,291.0
2653,2018-06-22T23:45:00,260.0,4.266500055789948,80.68376068376068,0.0,0.0583333333333333,1.5,0.0,236.0,219.0,214.0,171.0,149.0,156.0,132.0,132.0,131.0,283.0
2654,2018-06-22T23:50:00,276.0,4.186000049114227,81.53571428571429,0.0,0.0583333333333333,0.0,0.0,260.0,236.0,219.0,214.0,171.0,149.0,156.0,132.0,132.0,313.0
2655,2018-06-22T23:55:00,291.0,4.025000035762787,79.65934065934066,0.0,0.0583333333333333,0.0,0.0,276.0,260.0,236.0,219.0,214.0,171.0,149.0,156.0,132.0,323.0
2656,2018-06-23T00:00:00,283.0,4.025000035762787,80.01769911504425,0.0,0.0708333333333333,0.0,0.0,291.0,276.0,260.0,236.0,219.0,214.0,171.0,149.0,156.0,303.0
2657,2018-06-23T00:05:00,313.0,5.393499970436096,79.152,0.0,0.0708333333333333,0.0,0.0,283.0,291.0,276.0,260.0,236.0,219.0,214.0,171.0,149.0,339.0
2658,2018-06-23T00:10:00,323.0,4.105500042438507,79.18032786885246,0.0,0.0708333333333333,0.0,0.0,313.0,283.0,291.0,276.0,260.0,236.0,219.0,214.0,171.0,342.0
2659,2018-06-23T00:15:00,303.0,4.025000035762787,79.8135593220339,0.0,0.0708333333333333,0.0,0.0,323.0,313.0,283.0,291.0,276.0,260.0,236.0,219.0,214.0,331.0
2660,2018-06-23T00:20:00,339.0,5.473999977111816,79.73170731707317,8.0,0.0708333333333333,0.0,0.0,303.0,323.0,313.0,283.0,291.0,276.0,260.0,236.0,219.0,359.0
2661,2018-06-23T00:25:00,342.0,4.186000049114227,83.12612612612612,0.0,0.0708333333333333,0.0,0.0,339.0,303.0,323.0,313.0,283.0,291.0,276.0,260.0,236.0,369.0
2662,2018-06-23T00:30:00,331.0,4.025000035762787,82.39830508474576,0.0,0.0708333333333333,0.0,0.0,342.0,339.0,303.0,323.0,313.0,283.0,291.0,276.0,260.0,354.0
2663,2018-06-23T00:35:00,359.0,4.025000035762787,82.0078125,0.0,0.0708333333333333,0.0,0.0,331.0,342.0,339.0,303.0,323.0,313.0,283.0,291.0,276.0,382.0
2664,2018-06-23T00:40:00,369.0,4.105500042438507,80.288,0.0,0.0708333333333333,0.0,0.0,359.0,331.0,342.0,339.0,303.0,323.0,313.0,283.0,291.0,386.0
2665,2018-06-23T00:45:00,354.0,4.025000035762787,79.3359375,0.0,0.0708333333333333,0.0,0.0,369.0,359.0,331.0,342.0,339.0,303.0,323.0,313.0,283.0,370.0
2666,2018-06-23T00:50:00,382.0,4.025000035762787,80.57142857142857,0.0,0.0708333333333333,0.0,0.0,354.0,369.0,359.0,331.0,342.0,339.0,303.0,323.0,313.0,390.0
2667,2018-06-23T00:55:00,386.0,4.025000035762787,81.52136752136752,0.0,0.0708333333333333,0.0,0.0,382.0,354.0,369.0,359.0,331.0,342.0,339.0,303.0,323.0,392.0
2668,2018-06-23T01:00:00,370.0,4.025000035762787,82.05982905982906,0.0,0.0708333333333333,0.0,0.0,386.0,382.0,354.0,369.0,359.0,331.0,342.0,339.0,303.0,375.0
2669,2018-06-23T01:05:00,390.0,4.025000035762787,81.87610619469027,0.0,0.0708333333333333,0.0,0.0,370.0,386.0,382.0,354.0,369.0,359.0,331.0,342.0,339.0,400.0
2670,2018-06-23T01:10:00,392.0,4.186000049114227,83.24590163934427,0.0,0.0708333333333333,0.0,0.0,390.0,370.0,386.0,382.0,354.0,369.0,359.0,331.0,342.0,397.0
2671,2018-06-23T01:15:00,375.0,4.025000035762787,80.61111111111111,0.0,0.0708333333333333,0.0,0.0,392.0,390.0,370.0,386.0,382.0,354.0,369.0,359.0,331.0,382.0
2672,2018-06-23T01:20:00,400.0,4.025000035762787,78.47154471544715,0.0,0.0708333333333333,0.0,0.0,375.0,392.0,390.0,370.0,386.0,382.0,354.0,369.0,359.0,396.0
2673,2018-06-23T01:25:00,397.0,4.025000035762787,77.5909090909091,0.0,0.0708333333333333,0.0,0.0,400.0,375.0,392.0,390.0,370.0,386.0,382.0,354.0,369.0,400.0
2674,2018-06-23T01:30:00,382.0,4.025000035762787,76.35338345864662,0.0,0.0708333333333333,0.0,0.0,397.0,400.0,375.0,392.0,390.0,370.0,386.0,382.0,354.0,390.0
2675,2018-06-23T01:35:00,396.0,4.025000035762787,78.24347826086957,0.0,0.0708333333333333,0.0,0.0,382.0,397.0,400.0,375.0,392.0,390.0,370.0,386.0,382.0,399.0
2676,2018-06-23T01:40:00,400.0,4.025000035762787,79.9,0.0,0.0708333333333333,0.0,0.0,396.0,382.0,397.0,400.0,375.0,392.0,390.0,370.0,386.0,398.0
2677,2018-06-23T01:45:00,390.0,4.025000035762787,79.08620689655173,0.0,0.0708333333333333,0.0,0.0,400.0,396.0,382.0,397.0,400.0,375.0,392.0,390.0,370.0,379.0
2678,2018-06-23T01:50:00,399.0,4.025000035762787,79.7927927927928,0.0,0.0708333333333333,0.0,0.0,390.0,400.0,396.0,382.0,397.0,400.0,375.0,392.0,390.0,398.0
2679,2018-06-23T01:55:00,398.0,4.025000035762787,80.009009009009,0.0,0.0708333333333333,0.0,0.0,399.0,390.0,400.0,396.0,382.0,397.0,400.0,375.0,392.0,377.0
2680,2018-06-23T02:00:00,379.0,4.025000035762787,80.13084112149532,0.0,0.0708333333333333,0.0,0.0,398.0,399.0,390.0,400.0,396.0,382.0,397.0,400.0,375.0,361.0
2681,2018-06-23T02:05:00,398.0,4.266499996185303,81.51282051282051,0.0,0.0708333333333333,0.0,0.0,379.0,398.0,399.0,390.0,400.0,396.0,382.0,397.0,400.0,344.0
2682,2018-06-23T02:10:00,377.0,4.105500042438507,80.56818181818181,0.0,0.0708333333333333,0.0,0.0,398.0,379.0,398.0,399.0,390.0,400.0,396.0,382.0,397.0,330.0
2683,2018-06-23T02:15:00,361.0,4.025000035762787,79.88888888888889,0.0,0.0708333333333333,0.0,0.0,377.0,398.0,379.0,398.0,399.0,390.0,400.0,396.0,382.0,374.0
2684,2018-06-23T02:20:00,344.0,4.025000035762787,80.29166666666667,0.0,0.0708333333333333,0.0,0.0,361.0,377.0,398.0,379.0,398.0,399.0,390.0,400.0,396.0,310.0
2685,2018-06-23T02:25:00,330.0,4.347000002861023,81.28455284552845,0.0,0.0708333333333333,0.0,0.0,344.0,361.0,377.0,398.0,379.0,398.0,399.0,390.0,400.0,311.0
2686,2018-06-23T02:30:00,374.0,4.105500042438507,81.05645161290323,0.0,0.0708333333333333,0.0,0.0,330.0,344.0,361.0,377.0,398.0,379.0,398.0,399.0,390.0,385.0
2687,2018-06-23T02:35:00,310.0,4.025000035762787,80.61654135338345,0.0,0.0708333333333333,0.0,0.0,374.0,330.0,344.0,361.0,377.0,398.0,379.0,398.0,399.0,320.0
2688,2018-06-23T02:40:00,311.0,4.025000035762787,80.20149253731343,0.0,0.0708333333333333,0.0,0.0,310.0,374.0,330.0,344.0,361.0,377.0,398.0,379.0,398.0,326.0
2689,2018-06-23T02:45:00,385.0,4.025000035762787,77.94029850746269,0.0,0.0708333333333333,0.0,0.0,311.0,310.0,374.0,330.0,344.0,361.0,377.0,398.0,379.0,401.0
2690,2018-06-23T02:50:00,320.0,4.025000035762787,76.27906976744185,0.0,0.0708333333333333,0.0,0.0,385.0,311.0,310.0,374.0,330.0,344.0,361.0,377.0,398.0,337.0
2691,2018-06-23T02:55:00,326.0,4.025000035762787,77.64150943396227,0.0,0.0708333333333333,0.0,0.0,320.0,385.0,311.0,310.0,374.0,330.0,344.0,361.0,377.0,331.0
2692,2018-06-23T03:00:00,401.0,4.025000035762787,76.953125,0.0,0.0541666666666666,0.0,0.0,326.0,320.0,385.0,311.0,310.0,374.0,330.0,344.0,361.0,388.0
2693,2018-06-23T03:05:00,337.0,4.025000035762787,75.13333333333334,0.0,0.0541666666666666,0.0,0.0,401.0,326.0,320.0,385.0,311.0,310.0,374.0,330.0,344.0,397.0
2694,2018-06-23T03:10:00,331.0,4.025000035762787,75.09859154929578,0.0,0.0541666666666666,1.5,0.0,337.0,401.0,326.0,320.0,385.0,311.0,310.0,374.0,330.0,332.0
2695,2018-06-23T03:15:00,388.0,6.681500017642975,76.41228070175438,23.0,0.0541666666666666,0.0,0.0,331.0,337.0,401.0,326.0,320.0,385.0,311.0,310.0,374.0,430.0
2696,2018-06-23T03:20:00,397.0,6.037499845027924,83.77049180327869,8.0,0.0541666666666666,0.0,0.0,388.0,331.0,337.0,401.0,326.0,320.0,385.0,311.0,310.0,331.0
2697,2018-06-23T03:25:00,332.0,5.152000069618225,70.96491228070175,8.0,0.0541666666666666,0.0,0.0,397.0,388.0,331.0,337.0,401.0,326.0,320.0,385.0,311.0,328.0
2698,2018-06-23T03:30:00,430.0,4.025000035762787,73.78151260504201,0.0,0.0541666666666666,0.0,0.0,332.0,397.0,388.0,331.0,337.0,401.0,326.0,320.0,385.0,418.0
2699,2018-06-23T03:35:00,331.0,4.025000035762787,72.83620689655173,0.0,0.0541666666666666,0.0,0.0,430.0,332.0,397.0,388.0,331.0,337.0,401.0,326.0,320.0,325.0
2700,2018-06-23T03:40:00,328.0,4.025000035762787,68.60833333333333,0.0,0.0541666666666666,0.0,0.0,331.0,430.0,332.0,397.0,388.0,331.0,337.0,401.0,326.0,325.0
2701,2018-06-23T03:45:00,418.0,4.025000035762787,70.06666666666666,0.0,0.0541666666666666,0.0,0.0,328.0,331.0,430.0,332.0,397.0,388.0,331.0,337.0,401.0,430.0
2702,2018-06-23T03:50:00,325.0,4.025000035762787,71.89166666666667,0.0,0.0541666666666666,0.0,0.0,418.0,328.0,331.0,430.0,332.0,397.0,388.0,331.0,337.0,326.0
2703,2018-06-23T03:55:00,325.0,4.025000035762787,73.23008849557522,0.0,0.0541666666666666,0.0,0.0,325.0,418.0,328.0,331.0,430.0,332.0,397.0,388.0,331.0,325.0
2704,2018-06-23T04:00:00,430.0,4.025000035762787,75.11304347826086,0.0,0.0541666666666666,0.0,0.0,325.0,325.0,418.0,328.0,331.0,430.0,332.0,397.0,388.0,444.0
2705,2018-06-23T04:05:00,326.0,4.025000035762787,75.10909090909091,0.0,0.0541666666666666,0.0,0.0,430.0,325.0,325.0,418.0,328.0,331.0,430.0,332.0,397.0,332.0
2706,2018-06-23T04:10:00,325.0,4.025000035762787,75.82456140350877,0.0,0.0541666666666666,0.0,0.0,326.0,430.0,325.0,325.0,418.0,328.0,331.0,430.0,332.0,339.0
2707,2018-06-23T04:15:00,444.0,4.105500042438507,76.336,0.0,0.0541666666666666,0.5,0.0,325.0,326.0,430.0,325.0,325.0,418.0,328.0,331.0,430.0,439.0
2708,2018-06-23T04:20:00,332.0,7.567000031471252,79.58015267175573,47.0,0.0541666666666666,0.0,0.0,444.0,325.0,326.0,430.0,325.0,325.0,418.0,328.0,331.0,339.0
2709,2018-06-23T04:25:00,339.0,8.45250004529953,89.19685039370079,0.0,0.0541666666666666,0.0,0.0,332.0,444.0,325.0,326.0,430.0,325.0,325.0,418.0,328.0,337.0
2710,2018-06-23T04:30:00,439.0,11.35050004720688,92.425,83.0,0.0541666666666666,0.0,0.0,339.0,332.0,444.0,325.0,326.0,430.0,325.0,325.0,418.0,429.0
2711,2018-06-23T04:35:00,339.0,12.799499988555906,105.29310344827586,48.0,0.0541666666666666,0.0,0.0,439.0,339.0,332.0,444.0,325.0,326.0,430.0,325.0,325.0,327.0
2712,2018-06-23T04:40:00,337.0,8.21099990606308,95.83050847457628,26.0,0.0541666666666666,0.0,0.0,339.0,439.0,339.0,332.0,444.0,325.0,326.0,430.0,325.0,321.0
2713,2018-06-23T04:45:00,429.0,9.981999933719637,81.58333333333333,101.0,0.0541666666666666,0.0,0.0,337.0,339.0,439.0,339.0,332.0,444.0,325.0,326.0,430.0,427.0
2714,2018-06-23T04:50:00,327.0,4.105500042438507,67.52586206896552,0.0,0.0541666666666666,0.0,0.0,429.0,337.0,339.0,439.0,339.0,332.0,444.0,325.0,326.0,314.0
2715,2018-06-23T04:55:00,321.0,4.025000035762787,66.21739130434783,0.0,0.0541666666666666,0.0,0.0,327.0,429.0,337.0,339.0,439.0,339.0,332.0,444.0,325.0,310.0
2716,2018-06-23T05:00:00,427.0,4.025000035762787,66.68695652173913,0.0,0.0416666666666666,0.0,0.0,321.0,327.0,429.0,337.0,339.0,439.0,339.0,332.0,444.0,398.0
2717,2018-06-23T05:05:00,314.0,4.105500042438507,70.16071428571429,0.0,0.0416666666666666,0.0,0.0,427.0,321.0,327.0,429.0,337.0,339.0,439.0,339.0,332.0,302.0
2718,2018-06-23T05:10:00,310.0,4.025000035762787,67.475,0.0,0.0416666666666666,0.0,0.0,314.0,427.0,321.0,327.0,429.0,337.0,339.0,439.0,339.0,296.0
2719,2018-06-23T05:15:00,398.0,4.025000035762787,64.92035398230088,0.0,0.0416666666666666,0.0,0.0,310.0,314.0,427.0,321.0,327.0,429.0,337.0,339.0,439.0,365.0
2720,2018-06-23T05:20:00,302.0,4.025000035762787,64.49074074074075,0.0,0.0416666666666666,0.0,0.0,398.0,310.0,314.0,427.0,321.0,327.0,429.0,337.0,339.0,284.0
2721,2018-06-23T05:25:00,296.0,4.025000035762787,65.58260869565217,0.0,0.0416666666666666,0.0,0.0,302.0,398.0,310.0,314.0,427.0,321.0,327.0,429.0,337.0,279.0
2722,2018-06-23T05:30:00,365.0,4.025000035762787,65.60330578512396,0.0,0.0416666666666666,0.0,0.0,296.0,302.0,398.0,310.0,314.0,427.0,321.0,327.0,429.0,338.0
2723,2018-06-23T05:35:00,284.0,4.025000035762787,68.40322580645162,0.0,0.0416666666666666,0.0,0.0,365.0,296.0,302.0,398.0,310.0,314.0,427.0,321.0,327.0,266.0
2724,2018-06-23T05:40:00,279.0,4.025000035762787,67.71186440677967,0.0,0.0416666666666666,0.0,0.0,284.0,365.0,296.0,302.0,398.0,310.0,314.0,427.0,321.0,254.0
2725,2018-06-23T05:45:00,338.0,4.025000035762787,69.8046875,0.0,0.0416666666666666,0.0,0.0,279.0,284.0,365.0,296.0,302.0,398.0,310.0,314.0,427.0,317.0
2726,2018-06-23T05:50:00,266.0,4.025000035762787,69.72131147540983,0.0,0.0416666666666666,0.0,0.0,338.0,279.0,284.0,365.0,296.0,302.0,398.0,310.0,314.0,243.0
2727,2018-06-23T05:55:00,254.0,4.025000035762787,69.03174603174604,0.0,0.0416666666666666,0.0,0.0,266.0,338.0,279.0,284.0,365.0,296.0,302.0,398.0,310.0,235.0
2728,2018-06-23T06:00:00,317.0,4.025000035762787,71.33070866141732,0.0,0.0416666666666666,0.0,0.0,254.0,266.0,338.0,279.0,284.0,365.0,296.0,302.0,398.0,292.0
2729,2018-06-23T06:05:00,243.0,4.025000035762787,67.84297520661157,0.0,0.0416666666666666,0.0,0.0,317.0,254.0,266.0,338.0,279.0,284.0,365.0,296.0,302.0,235.0
2730,2018-06-23T06:10:00,235.0,4.025000035762787,67.95967741935483,0.0,0.0416666666666666,0.0,0.0,243.0,317.0,254.0,266.0,338.0,279.0,284.0,365.0,296.0,231.0
2731,2018-06-23T06:15:00,292.0,4.991000056266785,67.25581395348837,6.0,0.0416666666666666,0.0,0.0,235.0,243.0,317.0,254.0,266.0,338.0,279.0,284.0,365.0,285.0
2732,2018-06-23T06:20:00,235.0,4.025000035762787,68.05982905982906,0.0,0.0416666666666666,0.0,0.0,292.0,235.0,243.0,317.0,254.0,266.0,338.0,279.0,284.0,215.0
2733,2018-06-23T06:25:00,231.0,4.105500042438507,70.00833333333334,0.0,0.0416666666666666,0.0,0.0,235.0,292.0,235.0,243.0,317.0,254.0,266.0,338.0,279.0,210.0
2734,2018-06-23T06:30:00,285.0,4.025000035762787,69.18548387096774,0.0,0.0416666666666666,0.0,0.0,231.0,235.0,292.0,235.0,243.0,317.0,254.0,266.0,338.0,263.0
2735,2018-06-23T06:35:00,215.0,4.025000035762787,66.15315315315316,0.0,0.0416666666666666,0.0,0.0,285.0,231.0,235.0,292.0,235.0,243.0,317.0,254.0,266.0,205.0
2736,2018-06-23T06:40:00,210.0,4.025000035762787,65.60550458715596,0.0,0.0416666666666666,0.0,0.0,215.0,285.0,231.0,235.0,292.0,235.0,243.0,317.0,254.0,203.0
2737,2018-06-23T06:45:00,263.0,4.025000035762787,66.18260869565218,0.0,0.0416666666666666,0.0,0.0,210.0,215.0,285.0,231.0,235.0,292.0,235.0,243.0,317.0,248.0
2738,2018-06-23T06:50:00,205.0,4.025000035762787,67.22321428571429,0.0,0.0416666666666666,0.0,0.0,263.0,210.0,215.0,285.0,231.0,235.0,292.0,235.0,243.0,198.0
2739,2018-06-23T06:55:00,203.0,4.025000035762787,67.69724770642202,0.0,0.0416666666666666,0.0,0.0,205.0,263.0,210.0,215.0,285.0,231.0,235.0,292.0,235.0,197.0
2740,2018-06-23T07:00:00,248.0,4.025000035762787,68.13675213675214,0.0,0.0416666666666666,0.0,0.0,203.0,205.0,263.0,210.0,215.0,285.0,231.0,235.0,292.0,243.0
2741,2018-06-23T07:05:00,198.0,4.025000035762787,69.5625,0.0,0.0416666666666666,0.0,0.0,248.0,203.0,205.0,263.0,210.0,215.0,285.0,231.0,235.0,181.0
2742,2018-06-23T07:10:00,197.0,4.025000035762787,68.84033613445378,0.0,0.0416666666666666,0.0,0.0,198.0,248.0,203.0,205.0,263.0,210.0,215.0,285.0,231.0,180.0
2743,2018-06-23T07:15:00,243.0,4.025000035762787,64.09734513274336,0.0,0.0416666666666666,0.0,0.0,197.0,198.0,248.0,203.0,205.0,263.0,210.0,215.0,285.0,238.0
2744,2018-06-23T07:20:00,181.0,4.025000035762787,64.36440677966101,0.0,0.0416666666666666,0.0,0.0,243.0,197.0,198.0,248.0,203.0,205.0,263.0,210.0,215.0,177.0
2745,2018-06-23T07:25:00,180.0,4.025000035762787,64.26229508196721,0.0,0.0416666666666666,0.0,0.0,181.0,243.0,197.0,198.0,248.0,203.0,205.0,263.0,210.0,176.0
2746,2018-06-23T07:30:00,238.0,4.025000035762787,65.52991452991454,0.0,0.0416666666666666,0.0,0.0,180.0,181.0,243.0,197.0,198.0,248.0,203.0,205.0,263.0,228.0
2747,2018-06-23T07:35:00,177.0,4.025000035762787,64.27642276422765,0.0,0.0416666666666666,0.0,0.0,238.0,180.0,181.0,243.0,197.0,198.0,248.0,203.0,205.0,175.0
2748,2018-06-23T07:40:00,176.0,4.025000035762787,65.93388429752066,0.0,0.0416666666666666,0.0,0.0,177.0,238.0,180.0,181.0,243.0,197.0,198.0,248.0,203.0,175.0
2749,2018-06-23T07:45:00,228.0,4.025000035762787,65.52173913043478,0.0,0.0416666666666666,0.0,0.0,176.0,177.0,238.0,180.0,181.0,243.0,197.0,198.0,248.0,220.0
2750,2018-06-23T07:50:00,175.0,4.025000035762787,64.92436974789916,0.0,0.0416666666666666,0.0,0.0,228.0,176.0,177.0,238.0,180.0,181.0,243.0,197.0,198.0,172.0
2751,2018-06-23T07:55:00,175.0,4.105500042438507,65.78688524590164,0.0,0.0416666666666666,0.0,0.0,175.0,228.0,176.0,177.0,238.0,180.0,181.0,243.0,197.0,172.0
2752,2018-06-23T08:00:00,220.0,4.025000035762787,68.30827067669173,0.0,0.0416666666666666,0.0,0.0,175.0,175.0,228.0,176.0,177.0,238.0,180.0,181.0,243.0,224.0
2753,2018-06-23T08:05:00,172.0,4.025000035762787,65.26515151515152,0.0,0.0416666666666666,0.0,0.0,220.0,175.0,175.0,228.0,176.0,177.0,238.0,180.0,181.0,170.0
2754,2018-06-23T08:10:00,172.0,4.025000035762787,63.03478260869565,0.0,0.0416666666666666,0.0,0.0,172.0,220.0,175.0,175.0,228.0,176.0,177.0,238.0,180.0,174.0
2755,2018-06-23T08:15:00,224.0,4.025000035762787,63.02564102564103,0.0,0.0416666666666666,0.0,0.0,172.0,172.0,220.0,175.0,175.0,228.0,176.0,177.0,238.0,229.0
2756,2018-06-23T08:20:00,170.0,4.025000035762787,63.56521739130435,0.0,0.0416666666666666,0.0,0.0,224.0,172.0,172.0,220.0,175.0,175.0,228.0,176.0,177.0,178.0
2757,2018-06-23T08:25:00,174.0,4.025000035762787,64.62096774193549,0.0,0.0416666666666666,0.0,0.0,170.0,224.0,172.0,172.0,220.0,175.0,175.0,228.0,176.0,181.0
2758,2018-06-23T08:30:00,229.0,4.025000035762787,66.14166666666667,0.0,0.0416666666666666,0.0,0.0,174.0,170.0,224.0,172.0,172.0,220.0,175.0,175.0,228.0,235.0
2759,2018-06-23T08:35:00,178.0,4.025000035762787,66.06896551724138,0.0,0.0416666666666666,0.0,0.0,229.0,174.0,170.0,224.0,172.0,172.0,220.0,175.0,175.0,184.0
2760,2018-06-23T08:40:00,181.0,4.025000035762787,65.625,0.0,0.0416666666666666,0.0,0.0,178.0,229.0,174.0,170.0,224.0,172.0,172.0,220.0,175.0,186.0
2761,2018-06-23T08:45:00,235.0,4.025000035762787,65.10833333333333,0.0,0.0416666666666666,0.0,0.0,181.0,178.0,229.0,174.0,170.0,224.0,172.0,172.0,220.0,250.0
2762,2018-06-23T08:50:00,184.0,4.025000035762787,66.57851239669421,0.0,0.0416666666666666,0.0,0.0,235.0,181.0,178.0,229.0,174.0,170.0,224.0,172.0,172.0,187.0
2763,2018-06-23T08:55:00,186.0,4.025000035762787,67.19672131147541,0.0,0.0416666666666666,0.0,0.0,184.0,235.0,181.0,178.0,229.0,174.0,170.0,224.0,172.0,189.0
2764,2018-06-23T09:00:00,250.0,4.025000035762787,66.69918699186992,0.0,0.0375,0.0,0.0,186.0,184.0,235.0,181.0,178.0,229.0,174.0,170.0,224.0,267.0
2765,2018-06-23T09:05:00,187.0,4.025000035762787,67.825,0.0,0.0375,0.0,0.0,250.0,186.0,184.0,235.0,181.0,178.0,229.0,174.0,170.0,191.0
2766,2018-06-23T09:10:00,189.0,4.025000035762787,68.12,0.0,0.0375,0.0,0.0,187.0,250.0,186.0,184.0,235.0,181.0,178.0,229.0,174.0,194.0
2767,2018-06-23T09:15:00,267.0,4.025000035762787,68.06086956521739,0.0,0.0375,0.0,0.0,189.0,187.0,250.0,186.0,184.0,235.0,181.0,178.0,229.0,274.0
2768,2018-06-23T09:20:00,191.0,4.105500042438507,69.096,0.0,0.0375,0.0,0.0,267.0,189.0,187.0,250.0,186.0,184.0,235.0,181.0,178.0,190.0
2769,2018-06-23T09:25:00,194.0,4.105500042438507,66.7936507936508,0.0,0.0375,0.0,0.0,191.0,267.0,189.0,187.0,250.0,186.0,184.0,235.0,181.0,189.0
2770,2018-06-23T09:30:00,274.0,4.025000035762787,67.38655462184875,0.0,0.0375,0.0,0.0,194.0,191.0,267.0,189.0,187.0,250.0,186.0,184.0,235.0,266.0
2771,2018-06-23T09:35:00,190.0,4.025000035762787,67.40677966101696,0.0,0.0375,0.0,0.0,274.0,194.0,191.0,267.0,189.0,187.0,250.0,186.0,184.0,193.0
2772,2018-06-23T09:40:00,189.0,4.025000035762787,67.28571428571429,0.0,0.0375,0.0,0.0,190.0,274.0,194.0,191.0,267.0,189.0,187.0,250.0,186.0,200.0
2773,2018-06-23T09:45:00,266.0,4.025000035762787,67.79646017699115,0.0,0.0375,0.0,0.0,189.0,190.0,274.0,194.0,191.0,267.0,189.0,187.0,250.0,263.0
2774,2018-06-23T09:50:00,193.0,4.025000035762787,68.08474576271186,0.0,0.0375,0.0,0.0,266.0,189.0,190.0,274.0,194.0,191.0,267.0,189.0,187.0,207.0
2775,2018-06-23T09:55:00,200.0,4.025000035762787,69.64516129032258,0.0,0.0375,0.0,0.0,193.0,266.0,189.0,190.0,274.0,194.0,191.0,267.0,189.0,210.0
2776,2018-06-23T10:00:00,263.0,4.025000035762787,67.19827586206897,0.0,0.0375,0.0,0.0,200.0,193.0,266.0,189.0,190.0,274.0,194.0,191.0,267.0,279.0
2777,2018-06-23T10:05:00,207.0,4.025000035762787,67.825,0.0,0.0375,0.0,0.0,263.0,200.0,193.0,266.0,189.0,190.0,274.0,194.0,191.0,211.0
2778,2018-06-23T10:10:00,210.0,4.025000035762787,69.50847457627118,0.0,0.0375,0.0,0.0,207.0,263.0,200.0,193.0,266.0,189.0,190.0,274.0,194.0,210.0
2779,2018-06-23T10:15:00,279.0,5.634999990463257,74.2063492063492,20.0,0.0375,0.0,0.0,210.0,207.0,263.0,200.0,193.0,266.0,189.0,190.0,274.0,291.0
2780,2018-06-23T10:20:00,211.0,4.105500042438507,68.47619047619048,0.0,0.0375,0.0,0.0,279.0,210.0,207.0,263.0,200.0,193.0,266.0,189.0,190.0,218.0
2781,2018-06-23T10:25:00,210.0,4.025000035762787,69.49565217391304,0.0,0.0375,0.0,0.0,211.0,279.0,210.0,207.0,263.0,200.0,193.0,266.0,189.0,223.0
2782,2018-06-23T10:30:00,291.0,4.025000035762787,68.1869918699187,0.0,0.0375,0.0,0.0,210.0,211.0,279.0,210.0,207.0,263.0,200.0,193.0,266.0,293.0
2783,2018-06-23T10:35:00,218.0,4.025000035762787,67.26016260162602,0.0,0.0375,0.0,0.0,291.0,210.0,211.0,279.0,210.0,207.0,263.0,200.0,193.0,228.0
2784,2018-06-23T10:40:00,223.0,4.025000035762787,66.8225806451613,0.0,0.0375,0.0,0.0,218.0,291.0,210.0,211.0,279.0,210.0,207.0,263.0,200.0,228.0
2785,2018-06-23T10:45:00,293.0,4.025000035762787,68.3821138211382,0.0,0.0375,0.0,0.0,223.0,218.0,291.0,210.0,211.0,279.0,210.0,207.0,263.0,297.0
2786,2018-06-23T10:50:00,228.0,4.025000035762787,69.03571428571429,0.0,0.0375,0.0,0.0,293.0,223.0,218.0,291.0,210.0,211.0,279.0,210.0,207.0,231.0
2787,2018-06-23T10:55:00,228.0,4.025000035762787,70.44347826086957,0.0,0.0375,0.0,0.0,228.0,293.0,223.0,218.0,291.0,210.0,211.0,279.0,210.0,234.0
2788,2018-06-23T11:00:00,297.0,4.025000035762787,71.67241379310344,0.0,0.0375,0.0,0.0,228.0,228.0,293.0,223.0,218.0,291.0,210.0,211.0,279.0,312.0
2789,2018-06-23T11:05:00,231.0,4.025000035762787,72.4375,0.0,0.0375,0.0,0.0,297.0,228.0,228.0,293.0,223.0,218.0,291.0,210.0,211.0,239.0
2790,2018-06-23T11:10:00,234.0,5.152000069618225,73.42335766423358,8.0,0.0375,0.0,0.0,231.0,297.0,228.0,228.0,293.0,223.0,218.0,291.0,210.0,239.0
2791,2018-06-23T11:15:00,312.0,4.105500042438507,68.56666666666666,0.0,0.0375,0.0,0.0,234.0,231.0,297.0,228.0,228.0,293.0,223.0,218.0,291.0,306.0
2792,2018-06-23T11:20:00,239.0,4.025000035762787,66.85,0.0,0.0375,0.0,0.0,312.0,234.0,231.0,297.0,228.0,228.0,293.0,223.0,218.0,242.0
2793,2018-06-23T11:25:00,239.0,4.025000035762787,67.30508474576271,0.0,0.0375,0.0,0.0,239.0,312.0,234.0,231.0,297.0,228.0,228.0,293.0,223.0,245.0
2794,2018-06-23T11:30:00,306.0,6.601000010967255,70.21666666666667,38.0,0.0375,0.0,0.0,239.0,239.0,312.0,234.0,231.0,297.0,228.0,228.0,293.0,336.0
2795,2018-06-23T11:35:00,242.0,6.681500017642975,76.67567567567568,11.0,0.0375,0.0,0.0,306.0,239.0,239.0,312.0,234.0,231.0,297.0,228.0,228.0,248.0
2796,2018-06-23T11:40:00,245.0,5.474000096321106,82.48648648648648,5.0,0.0375,0.0,0.0,242.0,306.0,239.0,239.0,312.0,234.0,231.0,297.0,228.0,257.0
2797,2018-06-23T11:45:00,336.0,7.003499984741211,85.77981651376147,4.0,0.0375,0.0,0.0,245.0,242.0,306.0,239.0,239.0,312.0,234.0,231.0,297.0,363.0
2798,2018-06-23T11:50:00,248.0,4.186000049114227,84.08333333333333,0.0,0.0375,0.0,0.0,336.0,245.0,242.0,306.0,239.0,239.0,312.0,234.0,231.0,270.0
2799,2018-06-23T11:55:00,257.0,5.796000003814697,84.44144144144144,15.0,0.0375,0.0,0.0,248.0,336.0,245.0,242.0,306.0,239.0,239.0,312.0,234.0,277.0
2800,2018-06-23T12:00:00,363.0,9.257500052452087,82.08771929824562,46.0,0.0375,0.0,0.0,257.0,248.0,336.0,245.0,242.0,306.0,239.0,239.0,312.0,375.0
2801,2018-06-23T12:05:00,270.0,7.325499832630157,86.57407407407408,17.0,0.0375,0.0,0.0,363.0,257.0,248.0,336.0,245.0,242.0,306.0,239.0,239.0,299.0
2802,2018-06-23T12:10:00,277.0,6.198499858379364,88.77678571428571,10.0,0.0375,0.0,0.0,270.0,363.0,257.0,248.0,336.0,245.0,242.0,306.0,239.0,305.0
2803,2018-06-23T12:15:00,375.0,10.625999808311464,85.98165137614679,45.0,0.0375,0.0,0.0,277.0,270.0,363.0,257.0,248.0,336.0,245.0,242.0,306.0,384.0
2804,2018-06-23T12:20:00,299.0,10.384499788284302,92.26315789473684,51.0,0.0375,0.0,0.0,375.0,277.0,270.0,363.0,257.0,248.0,336.0,245.0,242.0,296.0
2805,2018-06-23T12:25:00,305.0,10.625999927520752,102.18115942028986,25.0,0.0375,0.0,0.0,299.0,375.0,277.0,270.0,363.0,257.0,248.0,336.0,245.0,296.0
2806,2018-06-23T12:30:00,384.0,4.8299999833107,88.42622950819673,0.0,0.0375,0.0,0.0,305.0,299.0,375.0,277.0,270.0,363.0,257.0,248.0,336.0,378.0
2807,2018-06-23T12:35:00,296.0,8.854999959468842,89.31958762886597,80.0,0.0375,0.0,0.0,384.0,305.0,299.0,375.0,277.0,270.0,363.0,257.0,248.0,297.0
2808,2018-06-23T12:40:00,296.0,28.336000442504883,121.46774193548389,471.0,0.0375,0.0,0.0,296.0,384.0,305.0,299.0,375.0,277.0,270.0,363.0,257.0,294.0
2809,2018-06-23T12:45:00,378.0,14.812000274658203,111.02255639097744,110.0,0.0375,0.0,0.0,296.0,296.0,384.0,305.0,299.0,375.0,277.0,270.0,363.0,375.0
2810,2018-06-23T12:50:00,297.0,21.413000345230103,105.4140625,396.0,0.0375,0.0,0.0,378.0,296.0,296.0,384.0,305.0,299.0,375.0,277.0,270.0,290.0
2811,2018-06-23T12:55:00,294.0,11.108999729156494,92.33333333333331,116.0,0.0375,0.0,0.0,297.0,378.0,296.0,296.0,384.0,305.0,299.0,375.0,277.0,288.0
2812,2018-06-23T13:00:00,375.0,11.753000020980837,90.16216216216216,164.0,0.0375,0.0,0.0,294.0,297.0,378.0,296.0,296.0,384.0,305.0,299.0,375.0,333.0
2813,2018-06-23T13:05:00,290.0,11.672499895095823,94.4957264957265,90.0,0.0375,0.0,0.0,375.0,294.0,297.0,378.0,296.0,296.0,384.0,305.0,299.0,279.0
2814,2018-06-23T13:10:00,288.0,10.30399990081787,94.359649122807,105.0,0.0375,0.0,0.0,290.0,375.0,294.0,297.0,378.0,296.0,296.0,384.0,305.0,274.0
2815,2018-06-23T13:15:00,333.0,12.477499961853027,101.16666666666669,59.0,0.0375,0.0,0.0,288.0,290.0,375.0,294.0,297.0,378.0,296.0,296.0,384.0,304.0
2816,2018-06-23T13:20:00,279.0,10.22350001335144,103.59701492537312,68.0,0.0375,0.0,0.0,333.0,288.0,290.0,375.0,294.0,297.0,378.0,296.0,296.0,253.0
2817,2018-06-23T13:25:00,274.0,12.96050000190735,97.83333333333331,149.0,0.0375,0.0,0.0,279.0,333.0,288.0,290.0,375.0,294.0,297.0,378.0,296.0,245.0
2818,2018-06-23T13:30:00,304.0,9.740500032901764,96.57575757575758,83.0,0.0375,0.0,0.0,274.0,279.0,333.0,288.0,290.0,375.0,294.0,297.0,378.0,272.0
2819,2018-06-23T13:35:00,253.0,5.393500089645386,84.49586776859505,0.0,0.0375,0.0,0.0,304.0,274.0,279.0,333.0,288.0,290.0,375.0,294.0,297.0,234.0
2820,2018-06-23T13:40:00,245.0,7.888999938964844,84.93162393162393,11.0,0.0375,0.0,0.0,253.0,304.0,274.0,279.0,333.0,288.0,290.0,375.0,294.0,227.0
2821,2018-06-23T13:45:00,272.0,8.532999753952026,87.31481481481481,17.0,0.0375,0.0,0.0,245.0,253.0,304.0,274.0,279.0,333.0,288.0,290.0,375.0,262.0
2822,2018-06-23T13:50:00,234.0,11.592000007629396,98.22429906542057,109.0,0.0375,0.0,0.0,272.0,245.0,253.0,304.0,274.0,279.0,333.0,288.0,290.0,210.0
2823,2018-06-23T13:55:00,227.0,12.880000114440918,106.71538461538462,78.0,0.0375,0.0,0.0,234.0,272.0,245.0,253.0,304.0,274.0,279.0,333.0,288.0,201.0
2824,2018-06-23T14:00:00,262.0,15.778000116348268,107.2741935483871,260.0,0.0375,0.0,0.0,227.0,234.0,272.0,245.0,253.0,304.0,274.0,279.0,333.0,205.0
2825,2018-06-23T14:05:00,210.0,18.837000370025635,116.72950819672133,116.0,0.0375,0.0,0.0,262.0,227.0,234.0,272.0,245.0,253.0,304.0,274.0,279.0,185.0
2826,2018-06-23T14:10:00,201.0,20.36650013923645,116.0751879699248,251.0,0.0375,0.0,0.0,210.0,262.0,227.0,234.0,272.0,245.0,253.0,304.0,274.0,168.0
2827,2018-06-23T14:15:00,205.0,13.926499724388124,92.20325203252033,236.0,0.0375,0.0,0.0,201.0,210.0,262.0,227.0,234.0,272.0,245.0,253.0,304.0,176.0
2828,2018-06-23T14:20:00,185.0,18.19300031661988,112.57462686567165,145.0,0.0375,0.0,0.0,205.0,201.0,210.0,262.0,227.0,234.0,272.0,245.0,253.0,154.0
2829,2018-06-23T14:25:00,168.0,17.30750012397766,114.14912280701756,61.0,0.0375,0.0,0.0,185.0,205.0,201.0,210.0,262.0,227.0,234.0,272.0,245.0,148.0
2830,2018-06-23T14:30:00,176.0,7.969499826431274,97.52713178294572,32.0,0.0375,0.0,0.0,168.0,185.0,205.0,201.0,210.0,262.0,227.0,234.0,272.0,170.0
2831,2018-06-23T14:35:00,154.0,5.232499837875366,96.4921875,0.0,0.0375,0.0,0.0,176.0,168.0,185.0,205.0,201.0,210.0,262.0,227.0,234.0,145.0
2832,2018-06-23T14:40:00,148.0,9.176999807357788,93.48648648648648,11.0,0.0375,0.0,0.0,154.0,176.0,168.0,185.0,205.0,201.0,210.0,262.0,227.0,149.0
2833,2018-06-23T14:45:00,170.0,7.325499892234802,90.58035714285714,3.0,0.0375,0.0,0.0,148.0,154.0,176.0,168.0,185.0,205.0,201.0,210.0,262.0,177.0
2834,2018-06-23T14:50:00,145.0,6.600999891757965,90.36290322580643,7.0,0.0375,0.0,0.0,170.0,148.0,154.0,176.0,168.0,185.0,205.0,201.0,210.0,163.0
2835,2018-06-23T14:55:00,149.0,6.922999858856201,96.8157894736842,9.0,0.0375,0.0,0.0,145.0,170.0,148.0,154.0,176.0,168.0,185.0,205.0,201.0,171.0
2836,2018-06-23T15:00:00,177.0,8.210999965667725,99.45925925925926,0.0,0.0375,5.0,4.0,149.0,145.0,170.0,148.0,154.0,176.0,168.0,185.0,205.0,245.0
2837,2018-06-23T15:05:00,163.0,7.969499826431274,91.3359375,0.0,0.0375,0.0,0.0,177.0,149.0,145.0,170.0,148.0,154.0,176.0,168.0,185.0,196.0
2838,2018-06-23T15:10:00,171.0,5.151999890804291,92.42857142857144,0.0,0.0375,0.0,0.0,163.0,177.0,149.0,145.0,170.0,148.0,154.0,176.0,168.0,205.0
2839,2018-06-23T15:15:00,245.0,5.071499943733215,89.15652173913044,0.0,0.0375,0.0,0.0,171.0,163.0,177.0,149.0,145.0,170.0,148.0,154.0,176.0,249.0
2840,2018-06-23T15:20:00,196.0,6.037499964237213,86.14414414414415,24.0,0.0375,0.0,0.0,245.0,171.0,163.0,177.0,149.0,145.0,170.0,148.0,154.0,215.0
2841,2018-06-23T15:25:00,205.0,8.21099978685379,86.61739130434782,7.0,0.0375,0.0,0.0,196.0,245.0,171.0,163.0,177.0,149.0,145.0,170.0,148.0,211.0
2842,2018-06-23T15:30:00,249.0,9.5794997215271,87.85714285714286,0.0,0.0375,0.0,0.0,205.0,196.0,245.0,171.0,163.0,177.0,149.0,145.0,170.0,231.0
2843,2018-06-23T15:35:00,215.0,6.761999845504761,101.1268656716418,0.0,0.0375,0.0,0.0,249.0,205.0,196.0,245.0,171.0,163.0,177.0,149.0,145.0,204.0
2844,2018-06-23T15:40:00,211.0,8.452499866485596,98.83453237410072,15.0,0.0375,0.0,0.0,215.0,249.0,205.0,196.0,245.0,171.0,163.0,177.0,149.0,202.0
2845,2018-06-23T15:45:00,231.0,6.359499990940095,96.8360655737705,19.0,0.0375,0.0,0.0,211.0,215.0,249.0,205.0,196.0,245.0,171.0,163.0,177.0,228.0
2846,2018-06-23T15:50:00,204.0,5.232499837875366,98.3720930232558,0.0,0.0375,0.0,0.0,231.0,211.0,215.0,249.0,205.0,196.0,245.0,171.0,163.0,203.0
2847,2018-06-23T15:55:00,202.0,5.071499943733215,96.864,0.0,0.0375,0.0,0.0,204.0,231.0,211.0,215.0,249.0,205.0,196.0,245.0,171.0,204.0
2848,2018-06-23T16:00:00,228.0,6.43999993801117,96.98360655737704,0.0,0.0375,0.0,0.0,202.0,204.0,231.0,211.0,215.0,249.0,205.0,196.0,245.0,244.0
2849,2018-06-23T16:05:00,203.0,5.071499943733215,95.28125,0.0,0.0375,0.0,0.0,228.0,202.0,204.0,231.0,211.0,215.0,249.0,205.0,196.0,195.0
2850,2018-06-23T16:10:00,204.0,6.520499885082246,93.40869565217392,22.0,0.0375,0.0,0.0,203.0,228.0,202.0,204.0,231.0,211.0,215.0,249.0,205.0,189.0
2851,2018-06-23T16:15:00,244.0,11.672499895095823,99.93859649122808,46.0,0.0375,0.0,0.0,204.0,203.0,228.0,202.0,204.0,231.0,211.0,215.0,249.0,209.0
2852,2018-06-23T16:20:00,195.0,5.151999890804291,99.16260162601624,0.0,0.0375,0.0,0.0,244.0,204.0,203.0,228.0,202.0,204.0,231.0,211.0,215.0,187.0
2853,2018-06-23T16:25:00,189.0,8.854999959468842,102.77876106194692,160.0,0.0375,0.0,0.0,195.0,244.0,204.0,203.0,228.0,202.0,204.0,231.0,211.0,193.0
2854,2018-06-23T16:30:00,209.0,9.015999794006348,95.10071942446044,41.0,0.0375,0.0,0.0,189.0,195.0,244.0,204.0,203.0,228.0,202.0,204.0,231.0,212.0
2855,2018-06-23T16:35:00,187.0,4.910499930381775,93.85826771653544,0.0,0.0375,0.0,0.0,209.0,189.0,195.0,244.0,204.0,203.0,228.0,202.0,204.0,200.0
2856,2018-06-23T16:40:00,193.0,4.99099987745285,87.93700787401575,0.0,0.0375,0.0,0.0,187.0,209.0,189.0,195.0,244.0,204.0,203.0,228.0,202.0,200.0
2857,2018-06-23T16:45:00,212.0,4.588499963283539,85.952,0.0,0.0375,0.0,0.0,193.0,187.0,209.0,189.0,195.0,244.0,204.0,203.0,228.0,199.0
2858,2018-06-23T16:50:00,200.0,4.266500055789948,85.208,0.0,0.0375,0.0,0.0,212.0,193.0,187.0,209.0,189.0,195.0,244.0,204.0,203.0,192.0
2859,2018-06-23T16:55:00,200.0,5.393499970436096,83.37704918032787,0.0,0.0375,0.0,0.0,200.0,212.0,193.0,187.0,209.0,189.0,195.0,244.0,204.0,185.0
2860,2018-06-23T17:00:00,199.0,4.588500022888184,85.9298245614035,0.0,0.0916666666666666,0.0,0.0,200.0,200.0,212.0,193.0,187.0,209.0,189.0,195.0,244.0,179.0
2861,2018-06-23T17:05:00,192.0,4.025000035762787,84.69565217391305,0.0,0.0916666666666666,0.0,0.0,199.0,200.0,200.0,212.0,193.0,187.0,209.0,189.0,195.0,172.0
2862,2018-06-23T17:10:00,185.0,4.025000035762787,85.60344827586206,0.0,0.0916666666666666,0.0,0.0,192.0,199.0,200.0,200.0,212.0,193.0,187.0,209.0,189.0,167.0
2863,2018-06-23T17:15:00,179.0,4.025000035762787,84.504,0.0,0.0916666666666666,0.0,0.0,185.0,192.0,199.0,200.0,200.0,212.0,193.0,187.0,209.0,165.0
2864,2018-06-23T17:20:00,172.0,4.347000002861023,84.06201550387597,0.0,0.0916666666666666,0.0,0.0,179.0,185.0,192.0,199.0,200.0,200.0,212.0,193.0,187.0,158.0
2865,2018-06-23T17:25:00,167.0,4.186000049114227,85.73684210526316,0.0,0.0916666666666666,0.0,0.0,172.0,179.0,185.0,192.0,199.0,200.0,200.0,212.0,193.0,154.0
2866,2018-06-23T17:30:00,165.0,4.025000035762787,84.83870967741936,0.0,0.0916666666666666,0.0,0.0,167.0,172.0,179.0,185.0,192.0,199.0,200.0,200.0,212.0,154.0
2867,2018-06-23T17:35:00,158.0,4.508000075817108,86.8695652173913,0.0,0.0916666666666666,0.0,0.0,165.0,167.0,172.0,179.0,185.0,192.0,199.0,200.0,200.0,153.0
2868,2018-06-23T17:40:00,154.0,5.312999963760376,84.2,10.0,0.0916666666666666,0.0,0.0,158.0,165.0,167.0,172.0,179.0,185.0,192.0,199.0,200.0,152.0
2869,2018-06-23T17:45:00,154.0,4.025000035762787,85.52586206896552,0.0,0.0916666666666666,0.0,0.0,154.0,158.0,165.0,167.0,172.0,179.0,185.0,192.0,199.0,150.0
2870,2018-06-23T17:50:00,153.0,4.025000035762787,84.20472440944881,0.0,0.0916666666666666,0.0,0.0,154.0,154.0,158.0,165.0,167.0,172.0,179.0,185.0,192.0,151.0
2871,2018-06-23T17:55:00,152.0,4.025000035762787,85.136,0.0,0.0916666666666666,0.0,0.0,153.0,154.0,154.0,158.0,165.0,167.0,172.0,179.0,185.0,150.0
2872,2018-06-23T18:00:00,150.0,4.025000035762787,85.9504132231405,0.0,0.0916666666666666,0.0,0.0,152.0,153.0,154.0,154.0,158.0,165.0,167.0,172.0,179.0,153.0
2873,2018-06-23T18:05:00,151.0,4.025000035762787,86.40495867768595,0.0,0.0916666666666666,0.0,0.0,150.0,152.0,153.0,154.0,154.0,158.0,165.0,167.0,172.0,148.0
2874,2018-06-23T18:10:00,150.0,4.427500009536743,86.78632478632478,0.0,0.0916666666666666,0.0,0.0,151.0,150.0,152.0,153.0,154.0,154.0,158.0,165.0,167.0,149.0
2875,2018-06-23T18:15:00,153.0,4.347000062465668,88.0569105691057,0.0,0.0916666666666666,0.0,0.0,150.0,151.0,150.0,152.0,153.0,154.0,154.0,158.0,165.0,156.0
2876,2018-06-23T18:20:00,148.0,4.266500055789948,85.35714285714286,0.0,0.0916666666666666,0.0,0.0,153.0,150.0,151.0,150.0,152.0,153.0,154.0,154.0,158.0,147.0
2877,2018-06-23T18:25:00,149.0,4.025000035762787,82.88793103448276,0.0,0.0916666666666666,0.0,0.0,148.0,153.0,150.0,151.0,150.0,152.0,153.0,154.0,154.0,147.0
2878,2018-06-23T18:30:00,156.0,4.025000035762787,83.64035087719299,0.0,0.0916666666666666,0.0,0.0,149.0,148.0,153.0,150.0,151.0,150.0,152.0,153.0,154.0,157.0
2879,2018-06-23T18:35:00,147.0,4.266500055789948,84.46610169491525,0.0,0.0916666666666666,0.0,0.0,156.0,149.0,148.0,153.0,150.0,151.0,150.0,152.0,153.0,143.0
2880,2018-06-23T18:40:00,147.0,4.910499930381775,89.41025641025641,0.0,0.0916666666666666,0.0,0.0,147.0,156.0,149.0,148.0,153.0,150.0,151.0,150.0,152.0,144.0
2881,2018-06-23T18:45:00,157.0,10.062499761581424,90.25217391304348,54.0,0.0916666666666666,0.0,0.0,147.0,147.0,156.0,149.0,148.0,153.0,150.0,151.0,150.0,162.0
2882,2018-06-23T18:50:00,143.0,6.43999981880188,93.70535714285714,13.0,0.0916666666666666,0.0,0.0,157.0,147.0,147.0,156.0,149.0,148.0,153.0,150.0,151.0,148.0
2883,2018-06-23T18:55:00,144.0,5.232499837875366,99.8125,0.0,0.0916666666666666,0.0,0.0,143.0,157.0,147.0,147.0,156.0,149.0,148.0,153.0,150.0,149.0
2884,2018-06-23T19:00:00,162.0,6.601000010967255,83.16260162601625,4.0,0.075,0.0,0.0,144.0,143.0,157.0,147.0,147.0,156.0,149.0,148.0,153.0,163.0
2885,2018-06-23T19:05:00,148.0,6.43999981880188,92.5563909774436,11.0,0.075,0.0,0.0,162.0,144.0,143.0,157.0,147.0,147.0,156.0,149.0,148.0,151.0
2886,2018-06-23T19:10:00,149.0,10.786999940872192,97.4888888888889,76.0,0.075,0.0,0.0,148.0,162.0,144.0,143.0,157.0,147.0,147.0,156.0,149.0,154.0
2887,2018-06-23T19:15:00,163.0,4.99099999666214,93.1965811965812,0.0,0.075,0.0,0.0,149.0,148.0,162.0,144.0,143.0,157.0,147.0,147.0,156.0,166.0
2888,2018-06-23T19:20:00,151.0,6.359499990940095,89.53097345132744,23.0,0.075,0.0,0.0,163.0,149.0,148.0,162.0,144.0,143.0,157.0,147.0,147.0,161.0
2889,2018-06-23T19:25:00,154.0,4.8299999833107,87.03669724770643,0.0,0.075,0.0,0.0,151.0,163.0,149.0,148.0,162.0,144.0,143.0,157.0,147.0,164.0
2890,2018-06-23T19:30:00,166.0,4.186000049114227,84.91964285714286,0.0,0.075,0.0,0.0,154.0,151.0,163.0,149.0,148.0,162.0,144.0,143.0,157.0,174.0
2891,2018-06-23T19:35:00,161.0,4.025000035762787,79.78761061946902,0.0,0.075,0.0,0.0,166.0,154.0,151.0,163.0,149.0,148.0,162.0,144.0,143.0,160.0
2892,2018-06-23T19:40:00,164.0,4.025000035762787,81.87288135593221,0.0,0.075,0.0,0.0,161.0,166.0,154.0,151.0,163.0,149.0,148.0,162.0,144.0,163.0
2893,2018-06-23T19:45:00,174.0,7.0035001039505005,84.52136752136752,37.0,0.075,0.0,0.0,164.0,161.0,166.0,154.0,151.0,163.0,149.0,148.0,162.0,169.0
2894,2018-06-23T19:50:00,160.0,11.189499855041504,94.29729729729728,128.0,0.075,0.0,0.0,174.0,164.0,161.0,166.0,154.0,151.0,163.0,149.0,148.0,152.0
2895,2018-06-23T19:55:00,163.0,10.786999940872192,100.49090909090908,70.0,0.075,0.0,0.0,160.0,174.0,164.0,161.0,166.0,154.0,151.0,163.0,149.0,144.0
2896,2018-06-23T20:00:00,169.0,12.960500001907349,100.72972972972973,117.0,0.075,0.0,0.0,163.0,160.0,174.0,164.0,161.0,166.0,154.0,151.0,163.0,159.0
2897,2018-06-23T20:05:00,152.0,9.659999847412111,97.00884955752213,8.0,0.075,0.0,0.0,169.0,163.0,160.0,174.0,164.0,161.0,166.0,154.0,151.0,134.0
2898,2018-06-23T20:10:00,144.0,8.371999979019165,103.22137404580153,8.0,0.075,0.0,0.0,152.0,169.0,163.0,160.0,174.0,164.0,161.0,166.0,154.0,137.0
2899,2018-06-23T20:15:00,159.0,9.257499873638151,105.73134328358208,0.0,0.075,0.0,0.0,144.0,152.0,169.0,163.0,160.0,174.0,164.0,161.0,166.0,157.0
2900,2018-06-23T20:20:00,134.0,7.486499786376953,101.109243697479,4.0,0.075,0.0,0.0,159.0,144.0,152.0,169.0,163.0,160.0,174.0,164.0,161.0,132.0
2901,2018-06-23T20:25:00,137.0,6.761999845504761,102.16666666666669,11.0,0.075,0.0,0.0,134.0,159.0,144.0,152.0,169.0,163.0,160.0,174.0,164.0,130.0
2902,2018-06-23T20:30:00,157.0,10.38450002670288,105.2566371681416,8.0,0.075,0.0,0.0,137.0,134.0,159.0,144.0,152.0,169.0,163.0,160.0,174.0,151.0
2903,2018-06-23T20:35:00,132.0,6.68149995803833,102.37301587301587,0.0,0.075,0.0,0.0,157.0,137.0,134.0,159.0,144.0,152.0,169.0,163.0,160.0,130.0
2904,2018-06-23T20:40:00,130.0,6.439999997615814,92.8473282442748,0.0,0.075,0.0,0.0,132.0,157.0,137.0,134.0,159.0,144.0,152.0,169.0,163.0,128.0
2905,2018-06-23T20:45:00,151.0,8.613499939441681,88.7542372881356,13.0,0.075,0.0,0.0,130.0,132.0,157.0,137.0,134.0,159.0,144.0,152.0,169.0,141.0
2906,2018-06-23T20:50:00,130.0,6.27899980545044,86.51428571428572,0.0,0.075,0.0,0.0,151.0,130.0,132.0,157.0,137.0,134.0,159.0,144.0,152.0,126.0
2907,2018-06-23T20:55:00,128.0,8.693999767303467,89.25,22.0,0.075,0.0,0.0,130.0,151.0,130.0,132.0,157.0,137.0,134.0,159.0,144.0,123.0
2908,2018-06-23T21:00:00,141.0,13.5239999294281,101.26446280991736,38.0,0.0583333333333333,0.0,0.0,128.0,130.0,151.0,130.0,132.0,157.0,137.0,134.0,159.0,149.0
2909,2018-06-23T21:05:00,126.0,9.337999820709229,91.62393162393164,43.0,0.0583333333333333,0.0,0.0,141.0,128.0,130.0,151.0,130.0,132.0,157.0,137.0,134.0,119.0
2910,2018-06-23T21:10:00,123.0,6.600999832153321,91.15044247787613,10.0,0.0583333333333333,0.0,0.0,126.0,141.0,128.0,130.0,151.0,130.0,132.0,157.0,137.0,121.0
2911,2018-06-23T21:15:00,149.0,9.740500032901764,98.11764705882354,6.0,0.0583333333333333,0.0,0.0,123.0,126.0,141.0,128.0,130.0,151.0,130.0,132.0,157.0,184.0
2912,2018-06-23T21:20:00,119.0,4.749499976634979,84.46153846153847,0.0,0.0583333333333333,0.0,0.0,149.0,123.0,126.0,141.0,128.0,130.0,151.0,130.0,132.0,139.0
2913,2018-06-23T21:25:00,121.0,4.910499930381775,86.95614035087719,0.0,0.0583333333333333,0.0,0.0,119.0,149.0,123.0,126.0,141.0,128.0,130.0,151.0,130.0,146.0
2914,2018-06-23T21:30:00,184.0,10.464999973773958,88.90265486725664,137.0,0.0583333333333333,0.0,0.0,121.0,119.0,149.0,123.0,126.0,141.0,128.0,130.0,151.0,207.0
2915,2018-06-23T21:35:00,139.0,10.545499920845032,94.2051282051282,54.0,0.0583333333333333,0.0,0.0,184.0,121.0,119.0,149.0,123.0,126.0,141.0,128.0,130.0,163.0
2916,2018-06-23T21:40:00,146.0,6.359499871730804,89.29752066115702,0.0,0.0583333333333333,0.0,0.0,139.0,184.0,121.0,119.0,149.0,123.0,126.0,141.0,128.0,167.0
2917,2018-06-23T21:45:00,207.0,5.071499884128571,87.6923076923077,0.0,0.0583333333333333,0.0,0.0,146.0,139.0,184.0,121.0,119.0,149.0,123.0,126.0,141.0,212.0
2918,2018-06-23T21:50:00,163.0,7.566999912261963,89.84873949579831,64.0,0.0583333333333333,0.0,0.0,207.0,146.0,139.0,184.0,121.0,119.0,149.0,123.0,126.0,175.0
2919,2018-06-23T21:55:00,167.0,9.57949984073639,89.0,22.0,0.0583333333333333,0.0,0.0,163.0,207.0,146.0,139.0,184.0,121.0,119.0,149.0,123.0,180.0
2920,2018-06-23T22:00:00,212.0,4.829999923706055,85.15126050420169,0.0,0.0583333333333333,0.0,0.0,167.0,163.0,207.0,146.0,139.0,184.0,121.0,119.0,149.0,224.0
2921,2018-06-23T22:05:00,175.0,5.232499837875366,91.62295081967213,0.0,0.0583333333333333,0.0,0.0,212.0,167.0,163.0,207.0,146.0,139.0,184.0,121.0,119.0,187.0
2922,2018-06-23T22:10:00,180.0,6.43999981880188,93.53846153846152,6.0,0.0583333333333333,0.0,0.0,175.0,212.0,167.0,163.0,207.0,146.0,139.0,184.0,121.0,193.0
2923,2018-06-23T22:15:00,224.0,5.956999957561493,85.28333333333333,13.0,0.0583333333333333,0.0,0.0,180.0,175.0,212.0,167.0,163.0,207.0,146.0,139.0,184.0,223.0
2924,2018-06-23T22:20:00,187.0,4.186000049114227,82.5546875,0.0,0.0583333333333333,0.0,0.0,224.0,180.0,175.0,212.0,167.0,163.0,207.0,146.0,139.0,191.0
2925,2018-06-23T22:25:00,193.0,4.025000035762787,80.3923076923077,0.0,0.0583333333333333,0.0,0.0,187.0,224.0,180.0,175.0,212.0,167.0,163.0,207.0,146.0,188.0
2926,2018-06-23T22:30:00,223.0,8.130499839782715,89.5,46.0,0.0583333333333333,0.0,0.0,193.0,187.0,224.0,180.0,175.0,212.0,167.0,163.0,207.0,182.0
2927,2018-06-23T22:35:00,191.0,7.325500071048737,85.73553719008264,47.0,0.0583333333333333,0.0,0.0,223.0,193.0,187.0,224.0,180.0,175.0,212.0,167.0,163.0,174.0
2928,2018-06-23T22:40:00,188.0,8.613499820232391,91.22123893805308,0.0,0.0583333333333333,0.0,0.0,191.0,223.0,193.0,187.0,224.0,180.0,175.0,212.0,167.0,166.0
2929,2018-06-23T22:45:00,182.0,18.51500010490417,112.63846153846154,109.0,0.0583333333333333,0.0,0.0,188.0,191.0,223.0,193.0,187.0,224.0,180.0,175.0,212.0,153.0
2930,2018-06-23T22:50:00,174.0,11.753000020980837,98.375,86.0,0.0583333333333333,0.0,0.0,182.0,188.0,191.0,223.0,193.0,187.0,224.0,180.0,175.0,153.0
2931,2018-06-23T22:55:00,166.0,7.003499925136566,103.64150943396228,13.0,0.0583333333333333,0.0,0.0,174.0,182.0,188.0,191.0,223.0,193.0,187.0,224.0,180.0,145.0
2932,2018-06-23T23:00:00,153.0,6.922999858856202,97.81512605042016,9.0,0.0583333333333333,0.0,0.0,166.0,174.0,182.0,188.0,191.0,223.0,193.0,187.0,224.0,132.0
2933,2018-06-23T23:05:00,153.0,5.071499884128571,91.60526315789474,0.0,0.0583333333333333,0.0,0.0,153.0,166.0,174.0,182.0,188.0,191.0,223.0,193.0,187.0,135.0
2934,2018-06-23T23:10:00,145.0,4.266500055789948,77.05833333333334,0.0,0.0583333333333333,0.0,0.0,153.0,153.0,166.0,174.0,182.0,188.0,191.0,223.0,193.0,130.0
2935,2018-06-23T23:15:00,132.0,4.105500042438507,76.11016949152543,0.0,0.0583333333333333,0.0,0.0,145.0,153.0,153.0,166.0,174.0,182.0,188.0,191.0,223.0,113.0
2936,2018-06-23T23:20:00,135.0,4.025000035762787,77.26271186440678,0.0,0.0583333333333333,0.0,0.0,132.0,145.0,153.0,153.0,166.0,174.0,182.0,188.0,191.0,121.0
2937,2018-06-23T23:25:00,130.0,4.105500042438507,75.42647058823529,0.0,0.0583333333333333,0.0,0.0,135.0,132.0,145.0,153.0,153.0,166.0,174.0,182.0,188.0,116.0
2938,2018-06-23T23:30:00,113.0,4.186000049114227,77.02362204724409,0.0,0.0583333333333333,0.0,0.0,130.0,135.0,132.0,145.0,153.0,153.0,166.0,174.0,182.0,98.0
2939,2018-06-23T23:35:00,121.0,4.186000049114227,78.53781512605042,0.0,0.0583333333333333,0.0,0.0,113.0,130.0,135.0,132.0,145.0,153.0,153.0,166.0,174.0,105.0
2940,2018-06-23T23:40:00,116.0,4.186000049114227,79.32558139534883,0.0,0.0583333333333333,0.0,0.0,121.0,113.0,130.0,135.0,132.0,145.0,153.0,153.0,166.0,104.0
2941,2018-06-23T23:45:00,98.0,4.186000049114227,79.68,0.0,0.0583333333333333,0.0,0.0,116.0,121.0,113.0,130.0,135.0,132.0,145.0,153.0,153.0,88.0
2942,2018-06-23T23:50:00,105.0,4.025000035762787,76.31932773109244,0.0,0.0583333333333333,0.0,0.0,98.0,116.0,121.0,113.0,130.0,135.0,132.0,145.0,153.0,100.0
2943,2018-06-23T23:55:00,104.0,4.105500042438507,77.32,0.0,0.0583333333333333,0.0,0.0,105.0,98.0,116.0,121.0,113.0,130.0,135.0,132.0,145.0,97.0
2944,2018-06-24T00:00:00,88.0,4.105500042438507,75.69064748201438,0.0,0.0708333333333333,0.0,0.0,104.0,105.0,98.0,116.0,121.0,113.0,130.0,135.0,132.0,80.0
2945,2018-06-24T00:05:00,100.0,4.025000035762787,72.64393939393939,0.0,0.0708333333333333,0.0,0.0,88.0,104.0,105.0,98.0,116.0,121.0,113.0,130.0,135.0,93.0
2946,2018-06-24T00:10:00,97.0,4.025000035762787,72.80740740740741,0.0,0.0708333333333333,0.0,0.0,100.0,88.0,104.0,105.0,98.0,116.0,121.0,113.0,130.0,92.0
2947,2018-06-24T00:15:00,80.0,5.554499983787537,80.61739130434782,0.0,0.0708333333333333,0.0,0.0,97.0,100.0,88.0,104.0,105.0,98.0,116.0,121.0,113.0,72.0
2948,2018-06-24T00:20:00,93.0,4.91049998998642,86.26315789473684,0.0,0.0708333333333333,0.0,0.0,80.0,97.0,100.0,88.0,104.0,105.0,98.0,116.0,121.0,84.0
2949,2018-06-24T00:25:00,92.0,4.025000035762787,83.86086956521739,0.0,0.0708333333333333,0.0,0.0,93.0,80.0,97.0,100.0,88.0,104.0,105.0,98.0,116.0,79.0
2950,2018-06-24T00:30:00,72.0,4.025000035762787,83.99166666666666,0.0,0.0708333333333333,0.0,0.0,92.0,93.0,80.0,97.0,100.0,88.0,104.0,105.0,98.0,61.0
2951,2018-06-24T00:35:00,84.0,4.186000049114227,81.36666666666666,0.0,0.0708333333333333,0.0,0.0,72.0,92.0,93.0,80.0,97.0,100.0,88.0,104.0,105.0,73.0
2952,2018-06-24T00:40:00,79.0,4.266500055789948,75.03508771929825,0.0,0.0,0.0,0.0,84.0,72.0,92.0,93.0,80.0,97.0,100.0,88.0,104.0,70.0
2953,2018-06-24T00:45:00,61.0,5.634999990463257,80.76991150442478,17.0,0.0,0.0,0.0,79.0,84.0,72.0,92.0,93.0,80.0,97.0,100.0,88.0,56.0
2954,2018-06-24T00:50:00,73.0,4.025000035762787,79.79816513761467,0.0,0.0,0.0,0.0,61.0,79.0,84.0,72.0,92.0,93.0,80.0,97.0,100.0,63.0
2955,2018-06-24T00:55:00,70.0,4.025000035762787,75.3302752293578,0.0,0.0,0.0,0.0,73.0,61.0,79.0,84.0,72.0,92.0,93.0,80.0,97.0,60.0
2956,2018-06-24T01:00:00,56.0,4.025000035762787,72.33944954128441,0.0,0.0,0.0,0.0,70.0,73.0,61.0,79.0,84.0,72.0,92.0,93.0,80.0,48.0
2957,2018-06-24T01:05:00,63.0,4.105500042438507,72.27777777777777,0.0,0.0,0.0,0.0,56.0,70.0,73.0,61.0,79.0,84.0,72.0,92.0,93.0,56.0
2958,2018-06-24T01:10:00,60.0,4.347000062465668,76.78632478632478,0.0,0.0,0.0,0.0,63.0,56.0,70.0,73.0,61.0,79.0,84.0,72.0,92.0,59.0
2959,2018-06-24T01:15:00,48.0,4.025000035762787,73.44347826086957,0.0,0.0,0.0,0.0,60.0,63.0,56.0,70.0,73.0,61.0,79.0,84.0,72.0,52.0
2960,2018-06-24T01:20:00,56.0,4.105500042438507,74.11607142857143,0.0,0.0,0.0,0.0,48.0,60.0,63.0,56.0,70.0,73.0,61.0,79.0,84.0,65.0
2961,2018-06-24T01:25:00,59.0,4.186000049114227,84.58474576271186,0.0,0.0,0.0,0.0,56.0,48.0,60.0,63.0,56.0,70.0,73.0,61.0,79.0,63.0
2962,2018-06-24T01:30:00,52.0,4.025000035762787,78.71428571428571,0.0,0.0,0.0,0.0,59.0,56.0,48.0,60.0,63.0,56.0,70.0,73.0,61.0,55.0
2963,2018-06-24T01:35:00,65.0,4.025000035762787,74.08256880733946,0.0,0.0,0.0,0.0,52.0,59.0,56.0,48.0,60.0,63.0,56.0,70.0,73.0,61.0
2964,2018-06-24T01:40:00,63.0,4.025000035762787,72.70229007633588,0.0,0.0,0.0,0.0,65.0,52.0,59.0,56.0,48.0,60.0,63.0,56.0,70.0,62.0
2965,2018-06-24T01:45:00,55.0,4.025000035762787,71.4608695652174,0.0,0.0,0.0,0.0,63.0,65.0,52.0,59.0,56.0,48.0,60.0,63.0,56.0,74.0
2966,2018-06-24T01:50:00,61.0,4.186000049114227,69.5625,0.0,0.0,0.0,0.0,55.0,63.0,65.0,52.0,59.0,56.0,48.0,60.0,63.0,75.0
2967,2018-06-24T01:55:00,62.0,4.186000049114227,72.45132743362832,0.0,0.0,0.0,0.0,61.0,55.0,63.0,65.0,52.0,59.0,56.0,48.0,60.0,83.0
2968,2018-06-24T02:00:00,74.0,4.025000035762787,71.42105263157895,0.0,0.0,0.0,0.0,62.0,61.0,55.0,63.0,65.0,52.0,59.0,56.0,48.0,111.0
2969,2018-06-24T02:05:00,75.0,4.186000049114227,72.66956521739131,0.0,0.0,0.0,0.0,74.0,62.0,61.0,55.0,63.0,65.0,52.0,59.0,56.0,99.0
2970,2018-06-24T02:10:00,83.0,4.105500042438507,71.63559322033899,0.0,0.0,0.0,0.0,75.0,74.0,62.0,61.0,55.0,63.0,65.0,52.0,59.0,107.0
2971,2018-06-24T02:15:00,111.0,4.025000035762787,73.87704918032787,0.0,0.0,0.0,0.0,83.0,75.0,74.0,62.0,61.0,55.0,63.0,65.0,52.0,151.0
2972,2018-06-24T02:20:00,99.0,4.186000049114227,75.58181818181818,0.0,0.0,0.0,0.0,111.0,83.0,75.0,74.0,62.0,61.0,55.0,63.0,65.0,124.0
2973,2018-06-24T02:25:00,107.0,4.025000035762787,74.62992125984252,0.0,0.0,0.0,0.0,99.0,111.0,83.0,75.0,74.0,62.0,61.0,55.0,63.0,133.0
2974,2018-06-24T02:30:00,151.0,4.025000035762787,73.73571428571428,0.0,0.0,0.0,0.0,107.0,99.0,111.0,83.0,75.0,74.0,62.0,61.0,55.0,178.0
2975,2018-06-24T02:35:00,124.0,4.025000035762787,76.41221374045801,0.0,0.0,0.0,0.0,151.0,107.0,99.0,111.0,83.0,75.0,74.0,62.0,61.0,153.0
2976,2018-06-24T02:40:00,133.0,4.025000035762787,77.4748201438849,0.0,0.0708333333333333,0.0,0.0,124.0,151.0,107.0,99.0,111.0,83.0,75.0,74.0,62.0,171.5
2977,2018-06-24T02:45:00,178.0,4.186000049114227,82.32773109243698,0.0,0.0708333333333333,0.0,0.0,133.0,124.0,151.0,107.0,99.0,111.0,83.0,75.0,74.0,190.0
2978,2018-06-24T02:50:00,153.0,4.025000035762787,82.62280701754386,0.0,0.0708333333333333,0.0,0.0,178.0,133.0,124.0,151.0,107.0,99.0,111.0,83.0,75.0,191.33333333333331
2979,2018-06-24T02:55:00,171.5,4.025000035762787,81.34146341463415,0.0,0.0708333333333333,0.0,0.0,153.0,178.0,133.0,124.0,151.0,107.0,99.0,111.0,83.0,192.66666666666663
2980,2018-06-24T03:00:00,190.0,4.025000035762787,82.21008403361344,0.0,0.0541666666666666,0.0,0.0,171.5,153.0,178.0,133.0,124.0,151.0,107.0,99.0,111.0,194.0
2981,2018-06-24T03:05:00,191.33333333333331,4.025000035762787,84.51219512195122,0.0,0.0541666666666666,0.0,0.0,190.0,171.5,153.0,178.0,133.0,124.0,151.0,107.0,99.0,194.33333333333331
2982,2018-06-24T03:10:00,192.66666666666663,4.266499996185303,86.67796610169492,0.0,0.0541666666666666,0.0,0.0,191.33333333333331,190.0,171.5,153.0,178.0,133.0,124.0,151.0,107.0,194.66666666666663
2983,2018-06-24T03:15:00,194.0,4.266499996185303,86.52991452991454,0.0,0.0541666666666666,0.0,0.0,192.66666666666663,191.33333333333331,190.0,171.5,153.0,178.0,133.0,124.0,151.0,195.0
2984,2018-06-24T03:20:00,194.33333333333331,4.025000035762787,84.39473684210526,0.0,0.0541666666666666,0.0,0.0,194.0,192.66666666666663,191.33333333333331,190.0,171.5,153.0,178.0,133.0,124.0,196.0
2985,2018-06-24T03:25:00,194.66666666666663,4.025000035762787,80.83206106870229,0.0,0.0541666666666666,0.0,0.0,194.33333333333331,194.0,192.66666666666663,191.33333333333331,190.0,171.5,153.0,178.0,133.0,197.0
2986,2018-06-24T03:30:00,195.0,4.025000035762787,81.12173913043478,0.0,0.0541666666666666,0.0,0.0,194.66666666666663,194.33333333333331,194.0,192.66666666666663,191.33333333333331,190.0,171.5,153.0,178.0,198.0
2987,2018-06-24T03:35:00,196.0,4.025000035762787,79.696,0.0,0.0541666666666666,0.0,0.0,195.0,194.66666666666663,194.33333333333331,194.0,192.66666666666663,191.33333333333331,190.0,171.5,153.0,200.66666666666663
2988,2018-06-24T03:40:00,197.0,4.025000035762787,77.19354838709677,0.0,0.0541666666666666,0.0,0.0,196.0,195.0,194.66666666666663,194.33333333333331,194.0,192.66666666666663,191.33333333333331,190.0,171.5,203.33333333333331
2989,2018-06-24T03:45:00,198.0,4.025000035762787,79.45081967213115,0.0,0.0541666666666666,0.0,0.0,197.0,196.0,195.0,194.66666666666663,194.33333333333331,194.0,192.66666666666663,191.33333333333331,190.0,206.0
2990,2018-06-24T03:50:00,200.66666666666663,4.025000035762787,81.03252032520325,0.0,0.0541666666666666,0.0,0.0,198.0,197.0,196.0,195.0,194.66666666666663,194.33333333333331,194.0,192.66666666666663,191.33333333333331,206.33333333333331
2991,2018-06-24T03:55:00,203.33333333333331,4.025000035762787,79.38260869565218,0.0,0.0541666666666666,0.0,0.0,200.66666666666663,198.0,197.0,196.0,195.0,194.66666666666663,194.33333333333331,194.0,192.66666666666663,206.66666666666663
2992,2018-06-24T04:00:00,206.0,4.025000035762787,77.1,0.0,0.0541666666666666,0.0,0.0,203.33333333333331,200.66666666666663,198.0,197.0,196.0,195.0,194.66666666666663,194.33333333333331,194.0,207.0
2993,2018-06-24T04:05:00,206.33333333333331,4.025000035762787,74.06666666666666,0.0,0.0541666666666666,0.0,0.0,206.0,203.33333333333331,200.66666666666663,198.0,197.0,196.0,195.0,194.66666666666663,194.33333333333331,197.5
2994,2018-06-24T04:10:00,206.66666666666663,4.025000035762787,72.97058823529412,0.0,0.0541666666666666,0.0,0.0,206.33333333333331,206.0,203.33333333333331,200.66666666666663,198.0,197.0,196.0,195.0,194.66666666666663,188.0
2995,2018-06-24T04:15:00,207.0,4.186000049114227,76.10526315789474,0.0,0.0541666666666666,0.5,0.0,206.66666666666663,206.33333333333331,206.0,203.33333333333331,200.66666666666663,198.0,197.0,196.0,195.0,211.0
2996,2018-06-24T04:20:00,197.5,4.347000002861023,83.130081300813,0.0,0.0541666666666666,0.0,0.0,207.0,206.66666666666663,206.33333333333331,206.0,203.33333333333331,200.66666666666663,198.0,197.0,196.0,200.0
2997,2018-06-24T04:25:00,188.0,7.405999958515167,86.09009009009009,24.0,0.0541666666666666,0.0,0.0,197.5,207.0,206.66666666666663,206.33333333333331,206.0,203.33333333333331,200.66666666666663,198.0,197.0,198.0
2998,2018-06-24T04:30:00,211.0,4.427500009536743,80.89915966386555,0.0,0.0541666666666666,0.0,0.0,188.0,197.5,207.0,206.66666666666663,206.33333333333331,206.0,203.33333333333331,200.66666666666663,198.0,209.0
2999,2018-06-24T04:35:00,200.0,4.025000035762787,70.89090909090909,0.0,0.0541666666666666,0.0,0.0,211.0,188.0,197.5,207.0,206.66666666666663,206.33333333333331,206.0,203.33333333333331,200.66666666666663,193.0
3000,2018-06-24T04:40:00,198.0,4.105500042438507,70.44444444444444,0.0,0.0541666666666666,0.0,0.0,200.0,211.0,188.0,197.5,207.0,206.66666666666663,206.33333333333331,206.0,203.33333333333331,192.0
3001,2018-06-24T04:45:00,209.0,4.025000035762787,71.83185840707965,0.0,0.0541666666666666,0.0,0.0,198.0,200.0,211.0,188.0,197.5,207.0,206.66666666666663,206.33333333333331,206.0,199.0
3002,2018-06-24T04:50:00,193.0,4.025000035762787,68.73148148148148,0.0,0.0541666666666666,0.0,0.0,209.0,198.0,200.0,211.0,188.0,197.5,207.0,206.66666666666663,206.33333333333331,191.0
3003,2018-06-24T04:55:00,192.0,4.025000035762787,65.73275862068965,0.0,0.0541666666666666,0.0,0.0,193.0,209.0,198.0,200.0,211.0,188.0,197.5,207.0,206.66666666666663,189.0
3004,2018-06-24T05:00:00,199.0,4.025000035762787,63.241379310344826,0.0,0.0416666666666666,0.0,0.0,192.0,193.0,209.0,198.0,200.0,211.0,188.0,197.5,207.0,186.0
3005,2018-06-24T05:05:00,191.0,4.025000035762787,66.27586206896552,0.0,0.0416666666666666,0.0,0.0,199.0,192.0,193.0,209.0,198.0,200.0,211.0,188.0,197.5,177.0
3006,2018-06-24T05:10:00,189.0,4.025000035762787,67.09009009009009,0.0,0.0416666666666666,0.0,0.0,191.0,199.0,192.0,193.0,209.0,198.0,200.0,211.0,188.0,175.0
3007,2018-06-24T05:15:00,186.0,4.025000035762787,68.46511627906976,0.0,0.0416666666666666,0.0,0.0,189.0,191.0,199.0,192.0,193.0,209.0,198.0,200.0,211.0,175.0
3008,2018-06-24T05:20:00,177.0,4.025000035762787,70.98473282442748,0.0,0.0416666666666666,0.0,0.0,186.0,189.0,191.0,199.0,192.0,193.0,209.0,198.0,200.0,171.0
3009,2018-06-24T05:25:00,175.0,4.025000035762787,73.06060606060606,0.0,0.0416666666666666,0.0,0.0,177.0,186.0,189.0,191.0,199.0,192.0,193.0,209.0,198.0,161.0
3010,2018-06-24T05:30:00,175.0,4.025000035762787,73.78333333333333,0.0,0.0416666666666666,0.0,0.0,175.0,177.0,186.0,189.0,191.0,199.0,192.0,193.0,209.0,166.0
3011,2018-06-24T05:35:00,171.0,4.025000035762787,73.72,0.0,0.0416666666666666,0.0,0.0,175.0,175.0,177.0,186.0,189.0,191.0,199.0,192.0,193.0,164.0
3012,2018-06-24T05:40:00,161.0,4.025000035762787,76.09917355371901,0.0,0.0416666666666666,0.0,0.0,171.0,175.0,175.0,177.0,186.0,189.0,191.0,199.0,192.0,165.0
3013,2018-06-24T05:45:00,166.0,4.105500042438507,73.85593220338983,0.0,0.0416666666666666,0.0,0.0,161.0,171.0,175.0,175.0,177.0,186.0,189.0,191.0,199.0,158.0
3014,2018-06-24T05:50:00,164.0,4.025000035762787,69.43442622950819,0.0,0.0416666666666666,0.0,0.0,166.0,161.0,171.0,175.0,175.0,177.0,186.0,189.0,191.0,157.0
3015,2018-06-24T05:55:00,165.0,4.025000035762787,70.02290076335878,0.0,0.0416666666666666,0.0,0.0,164.0,166.0,161.0,171.0,175.0,175.0,177.0,186.0,189.0,157.0
3016,2018-06-24T06:00:00,158.0,4.025000035762787,70.075,0.0,0.0416666666666666,0.0,0.0,165.0,164.0,166.0,161.0,171.0,175.0,175.0,177.0,186.0,158.0
3017,2018-06-24T06:05:00,157.0,4.025000035762787,70.22131147540983,0.0,0.0416666666666666,0.0,0.0,158.0,165.0,164.0,166.0,161.0,171.0,175.0,175.0,177.0,154.0
3018,2018-06-24T06:10:00,157.0,4.025000035762787,65.83620689655173,0.0,0.0416666666666666,0.0,0.0,157.0,158.0,165.0,164.0,166.0,161.0,171.0,175.0,175.0,148.0
3019,2018-06-24T06:15:00,158.0,4.025000035762787,63.04504504504504,0.0,0.0416666666666666,0.0,0.0,157.0,157.0,158.0,165.0,164.0,166.0,161.0,171.0,175.0,158.0
3020,2018-06-24T06:20:00,154.0,4.105500042438507,65.34146341463415,0.0,0.0416666666666666,0.0,0.0,158.0,157.0,157.0,158.0,165.0,164.0,166.0,161.0,171.0,148.0
3021,2018-06-24T06:25:00,148.0,4.025000035762787,67.32,0.0,0.0416666666666666,0.0,0.0,154.0,158.0,157.0,157.0,158.0,165.0,164.0,166.0,161.0,148.0
3022,2018-06-24T06:30:00,158.0,4.105500042438507,69.32283464566929,0.0,0.0416666666666666,0.0,0.0,148.0,154.0,158.0,157.0,157.0,158.0,165.0,164.0,166.0,149.0
3023,2018-06-24T06:35:00,148.0,4.025000035762787,66.95762711864407,0.0,0.0416666666666666,0.0,0.0,158.0,148.0,154.0,158.0,157.0,157.0,158.0,165.0,164.0,144.0
3024,2018-06-24T06:40:00,148.0,4.025000035762787,66.06349206349206,0.0,0.0416666666666666,0.0,0.0,148.0,158.0,148.0,154.0,158.0,157.0,157.0,158.0,165.0,142.0
3025,2018-06-24T06:45:00,149.0,4.025000035762787,65.21052631578948,0.0,0.0416666666666666,0.0,0.0,148.0,148.0,158.0,148.0,154.0,158.0,157.0,157.0,158.0,146.0
3026,2018-06-24T06:50:00,144.0,4.025000035762787,65.26984126984127,0.0,0.0416666666666666,0.0,0.0,149.0,148.0,148.0,158.0,148.0,154.0,158.0,157.0,157.0,140.0
3027,2018-06-24T06:55:00,142.0,4.025000035762787,68.94214876033058,0.0,0.0416666666666666,0.0,0.0,144.0,149.0,148.0,148.0,158.0,148.0,154.0,158.0,157.0,138.0
3028,2018-06-24T07:00:00,146.0,4.025000035762787,69.24031007751938,0.0,0.0416666666666666,0.0,0.0,142.0,144.0,149.0,148.0,148.0,158.0,148.0,154.0,158.0,146.0
3029,2018-06-24T07:05:00,140.0,4.025000035762787,70.256,0.0,0.0416666666666666,0.0,0.0,146.0,142.0,144.0,149.0,148.0,148.0,158.0,148.0,154.0,138.0
3030,2018-06-24T07:10:00,138.0,4.025000035762787,70.47154471544715,0.0,0.0416666666666666,0.0,0.0,140.0,146.0,142.0,144.0,149.0,148.0,148.0,158.0,148.0,138.0
3031,2018-06-24T07:15:00,146.0,4.025000035762787,69.17037037037036,0.0,0.0416666666666666,0.0,0.0,138.0,140.0,146.0,142.0,144.0,149.0,148.0,148.0,158.0,143.0
3032,2018-06-24T07:20:00,138.0,4.025000035762787,67.73684210526316,0.0,0.0416666666666666,0.0,0.0,146.0,138.0,140.0,146.0,142.0,144.0,149.0,148.0,148.0,139.0
3033,2018-06-24T07:25:00,138.0,4.025000035762787,67.16239316239316,0.0,0.0416666666666666,0.0,0.0,138.0,146.0,138.0,140.0,146.0,142.0,144.0,149.0,148.0,140.0
3034,2018-06-24T07:30:00,143.0,4.025000035762787,67.4,0.0,0.0416666666666666,0.0,0.0,138.0,138.0,146.0,138.0,140.0,146.0,142.0,144.0,149.0,137.0
3035,2018-06-24T07:35:00,139.0,4.025000035762787,65.33064516129032,0.0,0.0416666666666666,0.0,0.0,143.0,138.0,138.0,146.0,138.0,140.0,146.0,142.0,144.0,137.0
3036,2018-06-24T07:40:00,140.0,4.025000035762787,63.66666666666666,0.0,0.0416666666666666,0.0,0.0,139.0,143.0,138.0,138.0,146.0,138.0,140.0,146.0,142.0,136.0
3037,2018-06-24T07:45:00,137.0,4.025000035762787,64.88617886178862,0.0,0.0416666666666666,0.0,0.0,140.0,139.0,143.0,138.0,138.0,146.0,138.0,140.0,146.0,133.0
3038,2018-06-24T07:50:00,137.0,4.025000035762787,64.31404958677686,0.0,0.0416666666666666,0.0,0.0,137.0,140.0,139.0,143.0,138.0,138.0,146.0,138.0,140.0,135.0
3039,2018-06-24T07:55:00,136.0,4.025000035762787,66.18333333333334,0.0,0.0416666666666666,0.0,0.0,137.0,137.0,140.0,139.0,143.0,138.0,138.0,146.0,138.0,134.0
3040,2018-06-24T08:00:00,133.0,4.025000035762787,65.70247933884298,0.0,0.0416666666666666,0.0,0.0,136.0,137.0,137.0,140.0,139.0,143.0,138.0,138.0,146.0,133.0
3041,2018-06-24T08:05:00,135.0,4.025000035762787,60.93636363636364,0.0,0.0416666666666666,0.0,0.0,133.0,136.0,137.0,137.0,140.0,139.0,143.0,138.0,138.0,132.0
3042,2018-06-24T08:10:00,134.0,5.232500076293945,64.69166666666666,0.0,0.0416666666666666,0.0,0.0,135.0,133.0,136.0,137.0,137.0,140.0,139.0,143.0,138.0,131.0
3043,2018-06-24T08:15:00,133.0,4.025000035762787,64.18348623853211,0.0,0.0416666666666666,0.0,0.0,134.0,135.0,133.0,136.0,137.0,137.0,140.0,139.0,143.0,125.0
3044,2018-06-24T08:20:00,132.0,4.025000035762787,64.18518518518519,0.0,0.0416666666666666,0.0,0.0,133.0,134.0,135.0,133.0,136.0,137.0,137.0,140.0,139.0,126.0
3045,2018-06-24T08:25:00,131.0,4.025000035762787,65.15126050420169,0.0,0.0416666666666666,0.0,0.0,132.0,133.0,134.0,135.0,133.0,136.0,137.0,137.0,140.0,124.0
3046,2018-06-24T08:30:00,125.0,4.105500042438507,67.64516129032258,0.0,0.0416666666666666,0.0,0.0,131.0,132.0,133.0,134.0,135.0,133.0,136.0,137.0,137.0,118.0
3047,2018-06-24T08:35:00,126.0,4.025000035762787,65.00892857142857,0.0,0.0416666666666666,0.0,0.0,125.0,131.0,132.0,133.0,134.0,135.0,133.0,136.0,137.0,122.0
3048,2018-06-24T08:40:00,124.0,4.025000035762787,65.49166666666666,0.0,0.0416666666666666,0.0,0.0,126.0,125.0,131.0,132.0,133.0,134.0,135.0,133.0,136.0,121.0
3049,2018-06-24T08:45:00,118.0,4.025000035762787,67.26315789473684,0.0,0.0416666666666666,0.0,0.0,124.0,126.0,125.0,131.0,132.0,133.0,134.0,135.0,133.0,118.0
3050,2018-06-24T08:50:00,122.0,4.025000035762787,67.65486725663717,0.0,0.0416666666666666,0.0,0.0,118.0,124.0,126.0,125.0,131.0,132.0,133.0,134.0,135.0,121.0
3051,2018-06-24T08:55:00,121.0,4.025000035762787,67.85714285714286,0.0,0.0416666666666666,0.0,0.0,122.0,118.0,124.0,126.0,125.0,131.0,132.0,133.0,134.0,122.0
3052,2018-06-24T09:00:00,118.0,4.025000035762787,68.12280701754386,0.0,0.0375,0.0,0.0,121.0,122.0,118.0,124.0,126.0,125.0,131.0,132.0,133.0,123.0
3053,2018-06-24T09:05:00,121.0,4.025000035762787,68.4453781512605,0.0,0.0375,0.0,0.0,118.0,121.0,122.0,118.0,124.0,126.0,125.0,131.0,132.0,121.0
3054,2018-06-24T09:10:00,122.0,4.025000035762787,64.76271186440678,0.0,0.0375,0.0,0.0,121.0,118.0,121.0,122.0,118.0,124.0,126.0,125.0,131.0,118.0
3055,2018-06-24T09:15:00,123.0,4.025000035762787,63.43333333333333,0.0,0.0375,0.0,0.0,122.0,121.0,118.0,121.0,122.0,118.0,124.0,126.0,125.0,120.0
3056,2018-06-24T09:20:00,121.0,4.105500042438507,65.31666666666666,0.0,0.0375,0.0,0.0,123.0,122.0,121.0,118.0,121.0,122.0,118.0,124.0,126.0,117.0
3057,2018-06-24T09:25:00,118.0,4.105500042438507,67.32231404958678,0.0,0.0375,0.0,0.0,121.0,123.0,122.0,121.0,118.0,121.0,122.0,118.0,124.0,114.0
3058,2018-06-24T09:30:00,120.0,4.025000035762787,67.27777777777777,0.0,0.0375,0.0,0.0,118.0,121.0,123.0,122.0,121.0,118.0,121.0,122.0,118.0,124.0
3059,2018-06-24T09:35:00,117.0,5.3130000829696655,66.5952380952381,7.0,0.0375,0.0,0.0,120.0,118.0,121.0,123.0,122.0,121.0,118.0,121.0,122.0,110.0
3060,2018-06-24T09:40:00,114.0,9.579500019550323,72.56481481481481,98.0,0.0375,0.0,0.0,117.0,120.0,118.0,121.0,123.0,122.0,121.0,118.0,121.0,113.0
3061,2018-06-24T09:45:00,124.0,8.532999813556671,87.58870967741936,30.0,0.0375,0.0,0.0,114.0,117.0,120.0,118.0,121.0,123.0,122.0,121.0,118.0,162.0
3062,2018-06-24T09:50:00,110.0,8.371999979019165,104.8934426229508,9.0,0.0375,3.0,3.0,124.0,114.0,117.0,120.0,118.0,121.0,123.0,122.0,121.0,133.0
3063,2018-06-24T09:55:00,113.0,4.427500069141388,86.65322580645162,0.0,0.0375,0.0,0.0,110.0,124.0,114.0,117.0,120.0,118.0,121.0,123.0,122.0,146.0
3064,2018-06-24T10:00:00,162.0,5.071499884128571,88.24778761061947,0.0,0.0375,0.0,0.0,113.0,110.0,124.0,114.0,117.0,120.0,118.0,121.0,123.0,198.0
3065,2018-06-24T10:05:00,133.0,11.028499841690069,97.82300884955752,46.0,0.0375,0.0,0.0,162.0,113.0,110.0,124.0,114.0,117.0,120.0,118.0,121.0,169.0
3066,2018-06-24T10:10:00,146.0,8.854999840259552,93.55882352941175,33.0,0.0375,0.0,0.0,133.0,162.0,113.0,110.0,124.0,114.0,117.0,120.0,118.0,177.0
3067,2018-06-24T10:15:00,198.0,4.025000035762787,86.9940682856404,0.0,0.0375,0.0,0.0,146.0,133.0,162.0,113.0,110.0,124.0,114.0,117.0,120.0,203.0
3068,2018-06-24T10:20:00,169.0,4.025000035762787,82.20662127882046,0.0,0.0375,0.0,0.0,198.0,146.0,133.0,162.0,113.0,110.0,124.0,114.0,117.0,176.0
3069,2018-06-24T10:25:00,177.0,4.025000035762787,79.17447825332292,0.0,0.0375,0.0,0.0,169.0,198.0,146.0,133.0,162.0,113.0,110.0,124.0,114.0,171.0
3070,2018-06-24T10:30:00,203.0,4.025000035762787,77.87563495351883,0.0,0.0375,0.0,0.0,177.0,169.0,198.0,146.0,133.0,162.0,113.0,110.0,124.0,196.0
3071,2018-06-24T10:35:00,176.0,4.025000035762787,78.28808712377905,0.0,0.0375,0.0,0.0,203.0,177.0,169.0,198.0,146.0,133.0,162.0,113.0,110.0,173.0
3072,2018-06-24T10:40:00,171.0,5.473999977111816,80.38983050847457,12.0,0.0375,0.0,0.0,176.0,203.0,177.0,169.0,198.0,146.0,133.0,162.0,113.0,176.0
3073,2018-06-24T10:45:00,196.0,8.371999859809875,84.57522123893806,53.0,0.0375,0.0,0.0,171.0,176.0,203.0,177.0,169.0,198.0,146.0,133.0,162.0,184.0
3074,2018-06-24T10:50:00,173.0,8.532999873161316,95.17073170731707,16.0,0.0375,0.0,0.0,196.0,171.0,176.0,203.0,177.0,169.0,198.0,146.0,133.0,176.0
3075,2018-06-24T10:55:00,176.0,11.833500146865845,108.15862068965517,41.0,0.0375,0.0,0.0,173.0,196.0,171.0,176.0,203.0,177.0,169.0,198.0,146.0,179.0
3076,2018-06-24T11:00:00,184.0,4.749499976634979,86.12264150943396,0.0,0.0375,0.0,0.0,176.0,173.0,196.0,171.0,176.0,203.0,177.0,169.0,198.0,163.0
3077,2018-06-24T11:05:00,176.0,4.347000062465668,84.11475409836065,0.0,0.0375,0.0,0.0,184.0,176.0,173.0,196.0,171.0,176.0,203.0,177.0,169.0,182.0
3078,2018-06-24T11:10:00,179.0,4.347000062465668,82.59482758620689,0.0,0.0375,0.0,0.0,176.0,184.0,176.0,173.0,196.0,171.0,176.0,203.0,177.0,178.0
3079,2018-06-24T11:15:00,163.0,10.142999947071075,88.96190476190476,133.0,0.0375,0.0,0.0,179.0,176.0,184.0,176.0,173.0,196.0,171.0,176.0,203.0,127.0
3080,2018-06-24T11:20:00,182.0,10.625999987125397,86.76470588235294,127.0,0.0375,0.0,0.0,163.0,179.0,176.0,184.0,176.0,173.0,196.0,171.0,176.0,155.0
3081,2018-06-24T11:25:00,178.0,10.14299988746643,100.55670103092784,38.0,0.0375,0.0,0.0,182.0,163.0,179.0,176.0,184.0,176.0,173.0,196.0,171.0,140.0
3082,2018-06-24T11:30:00,127.0,7.566999912261965,87.96,29.0,0.0375,0.0,0.0,178.0,182.0,163.0,179.0,176.0,184.0,176.0,173.0,196.0,85.0
3083,2018-06-24T11:35:00,155.0,7.244999885559082,101.03703703703704,44.0,0.0375,0.0,0.0,127.0,178.0,182.0,163.0,179.0,176.0,184.0,176.0,173.0,114.0
3084,2018-06-24T11:40:00,140.0,13.121500015258787,101.80357142857144,131.0,0.0375,0.0,0.0,155.0,127.0,178.0,182.0,163.0,179.0,176.0,184.0,176.0,107.0
3085,2018-06-24T11:45:00,85.0,18.99800008535385,107.49,335.0,0.0375,0.0,0.0,140.0,155.0,127.0,178.0,182.0,163.0,179.0,176.0,184.0,78.0
3086,2018-06-24T11:50:00,114.0,16.98550033569336,96.14166666666668,302.0,0.0375,0.0,0.0,85.0,140.0,155.0,127.0,178.0,182.0,163.0,179.0,176.0,100.0
3087,2018-06-24T11:55:00,107.0,5.232499837875366,89.78512396694215,0.0,0.0375,0.0,0.0,114.0,85.0,140.0,155.0,127.0,178.0,182.0,163.0,179.0,96.0
3088,2018-06-24T12:00:00,78.0,4.588500022888184,85.89655172413794,0.0,0.0375,0.0,0.0,107.0,114.0,85.0,140.0,155.0,127.0,178.0,182.0,163.0,70.0
3089,2018-06-24T12:05:00,100.0,4.749499976634979,86.5575221238938,0.0,0.0375,0.0,0.0,78.0,107.0,114.0,85.0,140.0,155.0,127.0,178.0,182.0,81.0
3090,2018-06-24T12:10:00,96.0,14.731500208377838,93.94166666666666,233.0,0.0375,0.0,0.0,100.0,78.0,107.0,114.0,85.0,140.0,155.0,127.0,178.0,77.0
3091,2018-06-24T12:15:00,70.0,22.701000452041622,119.39354838709676,381.0,0.0375,0.0,0.0,96.0,100.0,78.0,107.0,114.0,85.0,140.0,155.0,127.0,64.0
3092,2018-06-24T12:20:00,81.0,17.71000027656555,104.93661971830986,279.0,0.0375,0.0,0.0,70.0,96.0,100.0,78.0,107.0,114.0,85.0,140.0,155.0,77.0
3093,2018-06-24T12:25:00,77.0,18.35400032997131,111.46923076923076,217.0,0.0375,0.0,0.0,81.0,70.0,96.0,100.0,78.0,107.0,114.0,85.0,140.0,83.0
3094,2018-06-24T12:30:00,64.0,17.871000051498413,109.6376811594203,121.0,0.0,0.0,0.0,77.0,81.0,70.0,96.0,100.0,78.0,107.0,114.0,85.0,164.0
3095,2018-06-24T12:35:00,77.0,13.76549994945526,94.85906040268456,205.0,0.0,0.0,0.0,64.0,77.0,81.0,70.0,96.0,100.0,78.0,107.0,114.0,115.0
3096,2018-06-24T12:40:00,83.0,12.316499948501589,95.70138888888889,200.0,0.0,0.0,0.0,77.0,64.0,77.0,81.0,70.0,96.0,100.0,78.0,107.0,130.0
3097,2018-06-24T12:45:00,164.0,4.588500022888184,86.25619834710744,0.0,0.0,0.0,0.0,83.0,77.0,64.0,77.0,81.0,70.0,96.0,100.0,78.0,230.0
3098,2018-06-24T12:50:00,115.0,6.117999851703644,89.46153846153847,0.0,0.0,0.0,0.0,164.0,83.0,77.0,64.0,77.0,81.0,70.0,96.0,100.0,170.0
3099,2018-06-24T12:55:00,130.0,8.935499846935274,93.38636363636364,45.0,0.0,0.0,0.0,115.0,164.0,83.0,77.0,64.0,77.0,81.0,70.0,96.0,193.0
3100,2018-06-24T13:00:00,230.0,5.071499943733215,101.84297520661156,0.0,0.0,0.0,0.0,130.0,115.0,164.0,83.0,77.0,64.0,77.0,81.0,70.0,239.0
3101,2018-06-24T13:05:00,170.0,5.554499864578247,98.8955223880597,0.0,0.0,0.0,0.0,230.0,130.0,115.0,164.0,83.0,77.0,64.0,77.0,81.0,221.0
3102,2018-06-24T13:10:00,193.0,5.232499837875366,94.91269841269842,0.0,0.0,0.0,0.0,170.0,230.0,130.0,115.0,164.0,83.0,77.0,64.0,77.0,223.0
3103,2018-06-24T13:15:00,239.0,6.600999832153321,93.28225806451611,18.0,0.0,0.0,0.0,193.0,170.0,230.0,130.0,115.0,164.0,83.0,77.0,64.0,211.0
3104,2018-06-24T13:20:00,221.0,6.842499911785126,85.74137931034483,11.0,0.0,0.0,0.0,239.0,193.0,170.0,230.0,130.0,115.0,164.0,83.0,77.0,212.0
3105,2018-06-24T13:25:00,223.0,10.706499874591827,87.93693693693693,82.0,0.0375,2.0,0.0,221.0,239.0,193.0,170.0,230.0,130.0,115.0,164.0,83.0,205.0
3106,2018-06-24T13:30:00,211.0,10.545499801635742,87.752,89.0,0.0375,0.0,0.0,223.0,221.0,239.0,193.0,170.0,230.0,130.0,115.0,164.0,186.0
3107,2018-06-24T13:35:00,212.0,8.21100002527237,90.89166666666668,77.0,0.0375,0.0,0.0,211.0,223.0,221.0,239.0,193.0,170.0,230.0,130.0,115.0,192.0
3108,2018-06-24T13:40:00,205.0,8.210999965667725,79.88235294117646,39.0,0.0375,0.0,0.0,212.0,211.0,223.0,221.0,239.0,193.0,170.0,230.0,130.0,186.0
3109,2018-06-24T13:45:00,186.0,15.53650039434433,97.05882352941175,286.0,0.0375,0.0,0.0,205.0,212.0,211.0,223.0,221.0,239.0,193.0,170.0,230.0,154.0
3110,2018-06-24T13:50:00,192.0,19.48099994659424,99.63829787234044,264.0,0.0375,0.0,0.0,186.0,205.0,212.0,211.0,223.0,221.0,239.0,193.0,170.0,170.0
3111,2018-06-24T13:55:00,186.0,8.130499839782715,95.5,37.0,0.0375,0.0,0.0,192.0,186.0,205.0,212.0,211.0,223.0,221.0,239.0,193.0,154.0
3112,2018-06-24T14:00:00,154.0,10.384499788284302,92.65811965811966,46.0,0.0375,0.0,0.0,186.0,192.0,186.0,205.0,212.0,211.0,223.0,221.0,239.0,147.0
3113,2018-06-24T14:05:00,170.0,6.43999981880188,92.77876106194692,16.0,0.0375,0.0,0.0,154.0,186.0,192.0,186.0,205.0,212.0,211.0,223.0,221.0,141.0
3114,2018-06-24T14:10:00,154.0,6.037499904632568,89.05932203389831,0.0,0.0375,0.0,0.0,170.0,154.0,186.0,192.0,186.0,205.0,212.0,211.0,223.0,134.0
3115,2018-06-24T14:15:00,147.0,8.291499853134155,99.08870967741936,15.0,0.0375,0.0,0.0,154.0,170.0,154.0,186.0,192.0,186.0,205.0,212.0,211.0,142.0
3116,2018-06-24T14:20:00,141.0,8.291499853134155,96.45901639344262,31.0,0.0375,0.0,0.0,147.0,154.0,170.0,154.0,186.0,192.0,186.0,205.0,212.0,126.0
3117,2018-06-24T14:25:00,134.0,6.43999981880188,96.18260869565218,6.0,0.0375,0.0,0.0,141.0,147.0,154.0,170.0,154.0,186.0,192.0,186.0,205.0,131.0
3118,2018-06-24T14:30:00,142.0,6.1179999113082895,90.125,0.0,0.0375,1.0,0.0,134.0,141.0,147.0,154.0,170.0,154.0,186.0,192.0,186.0,189.0
3119,2018-06-24T14:35:00,126.0,4.669000029563904,87.56521739130434,0.0,0.0375,0.0,0.0,142.0,134.0,141.0,147.0,154.0,170.0,154.0,186.0,192.0,163.0
3120,2018-06-24T14:40:00,131.0,7.727999985218048,90.22307692307692,27.0,0.0375,0.0,0.0,126.0,142.0,134.0,141.0,147.0,154.0,170.0,154.0,186.0,182.0
3121,2018-06-24T14:45:00,189.0,5.071499943733215,89.9765625,0.0,0.0375,0.0,0.0,131.0,126.0,142.0,134.0,141.0,147.0,154.0,170.0,154.0,197.0
3122,2018-06-24T14:50:00,163.0,4.99099999666214,91.32203389830508,0.0,0.0375,0.0,0.0,189.0,131.0,126.0,142.0,134.0,141.0,147.0,154.0,170.0,211.0
3123,2018-06-24T14:55:00,182.0,4.749500036239624,91.484375,0.0,0.0375,0.0,0.0,163.0,189.0,131.0,126.0,142.0,134.0,141.0,147.0,154.0,219.0
3124,2018-06-24T15:00:00,197.0,6.278999924659729,90.77966101694916,0.0,0.0375,0.0,0.0,182.0,163.0,189.0,131.0,126.0,142.0,134.0,141.0,147.0,272.0
3125,2018-06-24T15:05:00,211.0,6.278999924659729,89.84615384615384,11.0,0.0375,0.0,0.0,197.0,182.0,163.0,189.0,131.0,126.0,142.0,134.0,141.0,233.0
3126,2018-06-24T15:10:00,219.0,6.198499858379364,92.45,42.0,0.0375,0.0,0.0,211.0,197.0,182.0,163.0,189.0,131.0,126.0,142.0,134.0,244.0
3127,2018-06-24T15:15:00,272.0,12.235999822616575,95.42608695652174,66.0,0.0375,0.0,0.0,219.0,211.0,197.0,182.0,163.0,189.0,131.0,126.0,142.0,271.0
3128,2018-06-24T15:20:00,233.0,9.015999972820282,103.8029197080292,143.0,0.0375,0.0,0.0,272.0,219.0,211.0,197.0,182.0,163.0,189.0,131.0,126.0,262.0
3129,2018-06-24T15:25:00,244.0,10.625999927520752,102.890756302521,39.0,0.0375,0.3,0.0,233.0,272.0,219.0,211.0,197.0,182.0,163.0,189.0,131.0,270.0
3130,2018-06-24T15:30:00,271.0,4.508000016212463,90.52459016393442,0.0,0.0375,0.0,0.0,244.0,233.0,272.0,219.0,211.0,197.0,182.0,163.0,189.0,284.0
3131,2018-06-24T15:35:00,262.0,4.105500042438507,83.23684210526316,0.0,0.0375,0.0,0.0,271.0,244.0,233.0,272.0,219.0,211.0,197.0,182.0,163.0,279.0
3132,2018-06-24T15:40:00,270.0,4.025000035762787,84.56302521008404,0.0,0.0375,0.0,0.0,262.0,271.0,244.0,233.0,272.0,219.0,211.0,197.0,182.0,280.0
3133,2018-06-24T15:45:00,284.0,4.025000035762787,84.49618320610686,0.0,0.0375,0.0,0.0,270.0,262.0,271.0,244.0,233.0,272.0,219.0,211.0,197.0,292.0
3134,2018-06-24T15:50:00,279.0,4.186000049114227,85.856,0.0,0.0375,0.0,0.0,284.0,270.0,262.0,271.0,244.0,233.0,272.0,219.0,211.0,275.0
3135,2018-06-24T15:55:00,280.0,4.427500009536743,88.27777777777777,0.0,0.0375,1.5,0.0,279.0,284.0,270.0,262.0,271.0,244.0,233.0,272.0,219.0,272.0
3136,2018-06-24T16:00:00,292.0,4.8299999833107,88.92035398230088,0.0,0.0375,0.0,0.0,280.0,279.0,284.0,270.0,262.0,271.0,244.0,233.0,272.0,287.0
3137,2018-06-24T16:05:00,275.0,4.105500042438507,86.3157894736842,0.0,0.0375,0.0,0.0,292.0,280.0,279.0,284.0,270.0,262.0,271.0,244.0,233.0,264.0
3138,2018-06-24T16:10:00,272.0,4.025000035762787,85.13274336283186,0.0,0.0375,0.0,0.0,275.0,292.0,280.0,279.0,284.0,270.0,262.0,271.0,244.0,262.0
3139,2018-06-24T16:15:00,287.0,4.025000035762787,86.41176470588235,0.0,0.0375,0.0,0.0,272.0,275.0,292.0,280.0,279.0,284.0,270.0,262.0,271.0,266.0
3140,2018-06-24T16:20:00,264.0,4.025000035762787,86.0,0.0,0.0375,0.0,0.0,287.0,272.0,275.0,292.0,280.0,279.0,284.0,270.0,262.0,263.0
3141,2018-06-24T16:25:00,262.0,4.266499996185303,85.70967741935483,0.0,0.0375,0.0,0.0,264.0,287.0,272.0,275.0,292.0,280.0,279.0,284.0,270.0,256.0
3142,2018-06-24T16:30:00,266.0,4.186000049114227,82.34710743801652,0.0,0.0375,0.0,0.0,262.0,264.0,287.0,272.0,275.0,292.0,280.0,279.0,284.0,241.0
3143,2018-06-24T16:35:00,263.0,4.186000049114227,87.73770491803279,0.0,0.0375,0.0,0.0,266.0,262.0,264.0,287.0,272.0,275.0,292.0,280.0,279.0,240.0
3144,2018-06-24T16:40:00,256.0,4.266499996185303,88.975,0.0,0.0375,0.0,0.0,263.0,266.0,262.0,264.0,287.0,272.0,275.0,292.0,280.0,234.0
3145,2018-06-24T16:45:00,241.0,4.186000049114227,88.66666666666667,0.0,0.0375,0.0,0.0,256.0,263.0,266.0,262.0,264.0,287.0,272.0,275.0,292.0,219.0
3146,2018-06-24T16:50:00,240.0,4.025000035762787,87.359375,0.0,0.0375,0.0,0.0,241.0,256.0,263.0,266.0,262.0,264.0,287.0,272.0,275.0,236.0
3147,2018-06-24T16:55:00,234.0,4.025000035762787,84.44029850746269,0.0,0.0375,0.0,0.0,240.0,241.0,256.0,263.0,266.0,262.0,264.0,287.0,272.0,231.0
3148,2018-06-24T17:00:00,219.0,4.025000035762787,84.69117647058823,0.0,0.0916666666666666,0.0,0.0,234.0,240.0,241.0,256.0,263.0,266.0,262.0,264.0,287.0,222.0
3149,2018-06-24T17:05:00,236.0,4.025000035762787,91.6,0.0,0.0916666666666666,0.0,0.0,219.0,234.0,240.0,241.0,256.0,263.0,266.0,262.0,264.0,224.0
3150,2018-06-24T17:10:00,231.0,4.427500009536743,95.4959349593496,0.0,0.0916666666666666,0.0,0.0,236.0,219.0,234.0,240.0,241.0,256.0,263.0,266.0,262.0,217.0
3151,2018-06-24T17:15:00,222.0,4.668999969959259,95.22222222222224,0.0,0.0916666666666666,0.0,0.0,231.0,236.0,219.0,234.0,240.0,241.0,256.0,263.0,266.0,218.0
3152,2018-06-24T17:20:00,224.0,4.588500022888184,96.55652173913045,0.0,0.0916666666666666,0.0,0.0,222.0,231.0,236.0,219.0,234.0,240.0,241.0,256.0,263.0,204.0
3153,2018-06-24T17:25:00,217.0,4.347000062465668,92.67796610169492,0.0,0.0916666666666666,0.0,0.0,224.0,222.0,231.0,236.0,219.0,234.0,240.0,241.0,256.0,200.0
3154,2018-06-24T17:30:00,218.0,4.186000049114227,88.82142857142857,0.0,0.0916666666666666,0.0,0.0,217.0,224.0,222.0,231.0,236.0,219.0,234.0,240.0,241.0,199.0
3155,2018-06-24T17:35:00,204.0,4.025000035762787,85.33620689655173,0.0,0.0916666666666666,0.0,0.0,218.0,217.0,224.0,222.0,231.0,236.0,219.0,234.0,240.0,202.0
3156,2018-06-24T17:40:00,200.0,4.025000035762787,83.59349593495935,0.0,0.0916666666666666,0.0,0.0,204.0,218.0,217.0,224.0,222.0,231.0,236.0,219.0,234.0,200.0
3157,2018-06-24T17:45:00,199.0,4.025000035762787,82.59016393442623,0.0,0.0916666666666666,0.0,0.0,200.0,204.0,218.0,217.0,224.0,222.0,231.0,236.0,219.0,194.0
3158,2018-06-24T17:50:00,202.0,4.025000035762787,82.912,0.0,0.0916666666666666,0.0,0.0,199.0,200.0,204.0,218.0,217.0,224.0,222.0,231.0,236.0,199.0
3159,2018-06-24T17:55:00,200.0,4.025000035762787,80.96747967479675,0.0,0.0916666666666666,0.0,0.0,202.0,199.0,200.0,204.0,218.0,217.0,224.0,222.0,231.0,199.0
3160,2018-06-24T18:00:00,194.0,4.025000035762787,78.35483870967742,0.0,0.0916666666666666,0.0,0.0,200.0,202.0,199.0,200.0,204.0,218.0,217.0,224.0,222.0,195.0
3161,2018-06-24T18:05:00,199.0,4.025000035762787,79.11570247933884,0.0,0.0916666666666666,0.0,0.0,194.0,200.0,202.0,199.0,200.0,204.0,218.0,217.0,224.0,196.0
3162,2018-06-24T18:10:00,199.0,4.025000035762787,80.18487394957984,0.0,0.0916666666666666,0.0,0.0,199.0,194.0,200.0,202.0,199.0,200.0,204.0,218.0,217.0,194.0
3163,2018-06-24T18:15:00,195.0,4.105500042438507,80.01724137931035,0.0,0.0916666666666666,0.0,0.0,199.0,199.0,194.0,200.0,202.0,199.0,200.0,204.0,218.0,190.0
3164,2018-06-24T18:20:00,196.0,4.025000035762787,81.49579831932773,0.0,0.0916666666666666,0.0,0.0,195.0,199.0,199.0,194.0,200.0,202.0,199.0,200.0,204.0,187.0
3165,2018-06-24T18:25:00,194.0,4.025000035762787,76.704,0.0,0.0916666666666666,0.0,0.0,196.0,195.0,199.0,199.0,194.0,200.0,202.0,199.0,200.0,183.0
3166,2018-06-24T18:30:00,190.0,4.025000035762787,74.67460317460318,0.0,0.0916666666666666,0.0,0.0,194.0,196.0,195.0,199.0,199.0,194.0,200.0,202.0,199.0,180.0
3167,2018-06-24T18:35:00,187.0,4.025000035762787,73.5390625,0.0,0.0916666666666666,0.0,0.0,190.0,194.0,196.0,195.0,199.0,199.0,194.0,200.0,202.0,170.0
3168,2018-06-24T18:40:00,183.0,4.025000035762787,73.73228346456693,0.0,0.0916666666666666,0.0,0.0,187.0,190.0,194.0,196.0,195.0,199.0,199.0,194.0,200.0,165.0
3169,2018-06-24T18:45:00,180.0,4.749499976634979,91.3305785123967,0.0,0.0916666666666666,0.0,0.0,183.0,187.0,190.0,194.0,196.0,195.0,199.0,199.0,194.0,166.0
3170,2018-06-24T18:50:00,170.0,9.820999860763552,100.21487603305783,35.0,0.0916666666666666,0.0,0.0,180.0,183.0,187.0,190.0,194.0,196.0,195.0,199.0,199.0,159.0
3171,2018-06-24T18:55:00,165.0,7.164499938488007,102.95081967213116,7.0,0.0916666666666666,0.0,0.0,170.0,180.0,183.0,187.0,190.0,194.0,196.0,195.0,199.0,153.0
3172,2018-06-24T19:00:00,166.0,5.152000069618225,81.94339622641509,6.0,0.075,0.0,0.0,165.0,170.0,180.0,183.0,187.0,190.0,194.0,196.0,195.0,156.0
3173,2018-06-24T19:05:00,159.0,7.808500051498413,81.89423076923077,37.0,0.075,0.0,0.0,166.0,165.0,170.0,180.0,183.0,187.0,190.0,194.0,196.0,153.0
3174,2018-06-24T19:10:00,153.0,7.325499951839448,82.86363636363636,66.0,0.075,0.0,0.0,159.0,166.0,165.0,170.0,180.0,183.0,187.0,190.0,194.0,155.0
3175,2018-06-24T19:15:00,156.0,4.266500055789948,83.92307692307692,0.0,0.075,0.0,0.0,153.0,159.0,166.0,165.0,170.0,180.0,183.0,187.0,190.0,155.0
3176,2018-06-24T19:20:00,153.0,5.7959999442100525,84.3135593220339,0.0,0.075,0.0,0.0,156.0,153.0,159.0,166.0,165.0,170.0,180.0,183.0,187.0,148.0
3177,2018-06-24T19:25:00,155.0,6.037499964237213,87.78448275862068,0.0,0.075,0.0,0.0,153.0,156.0,153.0,159.0,166.0,165.0,170.0,180.0,183.0,152.0
3178,2018-06-24T19:30:00,155.0,6.27899980545044,88.97391304347826,0.0,0.075,0.0,0.0,155.0,153.0,156.0,153.0,159.0,166.0,165.0,170.0,180.0,163.0
3179,2018-06-24T19:35:00,148.0,11.189499855041504,92.16521739130437,31.0,0.075,0.0,0.0,155.0,155.0,153.0,156.0,153.0,159.0,166.0,165.0,170.0,162.0
3180,2018-06-24T19:40:00,152.0,6.359499871730804,95.46825396825396,0.0,0.075,0.0,0.0,148.0,155.0,155.0,153.0,156.0,153.0,159.0,166.0,165.0,164.0
3181,2018-06-24T19:45:00,163.0,6.761999845504761,95.43103448275862,0.0,0.075,0.0,0.0,152.0,148.0,155.0,155.0,153.0,156.0,153.0,159.0,166.0,167.0
3182,2018-06-24T19:50:00,162.0,7.083999812602997,87.75968992248062,13.0,0.075,0.0,0.0,163.0,152.0,148.0,155.0,155.0,153.0,156.0,153.0,159.0,161.0
3183,2018-06-24T19:55:00,164.0,4.186000049114227,83.52100840336135,0.0,0.075,0.0,0.0,162.0,163.0,152.0,148.0,155.0,155.0,153.0,156.0,153.0,154.0
3184,2018-06-24T20:00:00,167.0,4.829999923706055,88.06611570247934,0.0,0.075,0.0,0.0,164.0,162.0,163.0,152.0,148.0,155.0,155.0,153.0,156.0,152.0
3185,2018-06-24T20:05:00,161.0,8.854999840259552,92.42622950819673,30.0,0.075,0.0,0.0,167.0,164.0,162.0,163.0,152.0,148.0,155.0,155.0,153.0,143.0
3186,2018-06-24T20:10:00,154.0,6.117999911308289,90.33628318584071,0.0,0.075,0.0,0.0,161.0,167.0,164.0,162.0,163.0,152.0,148.0,155.0,155.0,139.0
3187,2018-06-24T20:15:00,152.0,10.062499880790712,95.17592592592592,58.0,0.075,0.0,0.0,154.0,161.0,167.0,164.0,162.0,163.0,152.0,148.0,155.0,134.0
3188,2018-06-24T20:20:00,143.0,6.43999981880188,95.20175438596492,15.0,0.075,0.0,0.0,152.0,154.0,161.0,167.0,164.0,162.0,163.0,152.0,148.0,134.0
3189,2018-06-24T20:25:00,139.0,6.761999845504761,98.03478260869564,13.0,0.075,0.0,0.0,143.0,152.0,154.0,161.0,167.0,164.0,162.0,163.0,152.0,128.0
3190,2018-06-24T20:30:00,134.0,5.956999957561494,86.58015267175573,15.0,0.075,0.0,0.0,139.0,143.0,152.0,154.0,161.0,167.0,164.0,162.0,163.0,114.0
3191,2018-06-24T20:35:00,134.0,4.347000062465668,81.4758064516129,0.0,0.075,0.0,0.0,134.0,139.0,143.0,152.0,154.0,161.0,167.0,164.0,162.0,118.0
3192,2018-06-24T20:40:00,128.0,5.554499983787537,82.24242424242425,0.0,0.075,0.0,0.0,134.0,134.0,139.0,143.0,152.0,154.0,161.0,167.0,164.0,113.0
3193,2018-06-24T20:45:00,114.0,7.727999925613403,91.135593220339,41.0,0.075,0.0,0.0,128.0,134.0,134.0,139.0,143.0,152.0,154.0,161.0,167.0,97.0
3194,2018-06-24T20:50:00,118.0,8.37199991941452,95.14285714285714,59.0,0.075,0.0,0.0,114.0,128.0,134.0,134.0,139.0,143.0,152.0,154.0,161.0,107.0
3195,2018-06-24T20:55:00,113.0,4.749499976634979,86.37719298245614,0.0,0.075,0.0,0.0,118.0,114.0,128.0,134.0,134.0,139.0,143.0,152.0,154.0,101.0
3196,2018-06-24T21:00:00,97.0,4.186000049114227,83.2566371681416,0.0,0.0583333333333333,0.0,0.0,113.0,118.0,114.0,128.0,134.0,134.0,139.0,143.0,152.0,78.0
3197,2018-06-24T21:05:00,107.0,4.186000049114227,83.82608695652173,0.0,0.0583333333333333,0.0,0.0,97.0,113.0,118.0,114.0,128.0,134.0,134.0,139.0,143.0,92.0
3198,2018-06-24T21:10:00,101.0,5.957000017166138,80.50925925925925,34.0,0.0583333333333333,0.0,0.0,107.0,97.0,113.0,118.0,114.0,128.0,134.0,134.0,139.0,86.0
3199,2018-06-24T21:15:00,78.0,9.821000158786774,93.981981981982,124.0,0.0583333333333333,0.0,0.0,101.0,107.0,97.0,113.0,118.0,114.0,128.0,134.0,134.0,66.0
3200,2018-06-24T21:20:00,92.0,4.186000049114227,85.6044776119403,0.0,0.0583333333333333,0.0,0.0,78.0,101.0,107.0,97.0,113.0,118.0,114.0,128.0,134.0,86.0
3201,2018-06-24T21:25:00,86.0,5.3130000829696655,79.05217391304348,0.0,0.0583333333333333,0.0,0.0,92.0,78.0,101.0,107.0,97.0,113.0,118.0,114.0,128.0,92.0
3202,2018-06-24T21:30:00,66.0,10.545499861240389,83.34513274336283,77.0,0.0583333333333333,0.0,0.0,86.0,92.0,78.0,101.0,107.0,97.0,113.0,118.0,114.0,100.0
3203,2018-06-24T21:35:00,86.0,7.969499826431274,90.6904761904762,34.0,0.0583333333333333,0.0,0.0,66.0,86.0,92.0,78.0,101.0,107.0,97.0,113.0,118.0,117.0
3204,2018-06-24T21:40:00,92.0,4.266500055789948,86.58992805755396,0.0,0.0583333333333333,0.0,0.0,86.0,66.0,86.0,92.0,78.0,101.0,107.0,97.0,113.0,121.0
3205,2018-06-24T21:45:00,100.0,4.266500055789948,85.23333333333333,0.0,0.0583333333333333,0.0,0.0,92.0,86.0,66.0,86.0,92.0,78.0,101.0,107.0,97.0,146.0
3206,2018-06-24T21:50:00,117.0,5.393499970436096,85.06837606837607,9.0,0.0583333333333333,0.0,0.0,100.0,92.0,86.0,66.0,86.0,92.0,78.0,101.0,107.0,146.0
3207,2018-06-24T21:55:00,121.0,4.427500009536743,85.9672131147541,0.0,0.0583333333333333,0.0,0.0,117.0,100.0,92.0,86.0,66.0,86.0,92.0,78.0,101.0,153.0
3208,2018-06-24T22:00:00,146.0,6.359499990940095,93.85593220338984,0.0,0.0583333333333333,0.0,0.0,121.0,117.0,100.0,92.0,86.0,66.0,86.0,92.0,78.0,176.0
3209,2018-06-24T22:05:00,146.0,7.083999872207642,101.82075471698111,18.0,0.0583333333333333,0.0,0.0,146.0,121.0,117.0,100.0,92.0,86.0,66.0,86.0,92.0,162.0
3210,2018-06-24T22:10:00,153.0,10.706499993801115,99.63865546218489,91.0,0.0583333333333333,0.0,0.0,146.0,146.0,121.0,117.0,100.0,92.0,86.0,66.0,86.0,170.0
3211,2018-06-24T22:15:00,176.0,4.9105000495910645,94.30275229357798,0.0,0.0583333333333333,2.5,3.0,153.0,146.0,146.0,121.0,117.0,100.0,92.0,86.0,66.0,187.0
3212,2018-06-24T22:20:00,162.0,7.647499918937683,86.99159663865547,44.0,0.0583333333333333,0.0,0.0,176.0,153.0,146.0,146.0,121.0,117.0,100.0,92.0,86.0,191.0
3213,2018-06-24T22:25:00,170.0,5.876499891281128,87.66115702479338,7.0,0.0583333333333333,0.0,0.0,162.0,176.0,153.0,146.0,146.0,121.0,117.0,100.0,92.0,196.0
3214,2018-06-24T22:30:00,187.0,4.105500042438507,79.54330708661418,0.0,0.0583333333333333,0.0,0.0,170.0,162.0,176.0,153.0,146.0,146.0,121.0,117.0,100.0,185.0
3215,2018-06-24T22:35:00,191.0,4.105500042438507,82.19130434782609,0.0,0.0583333333333333,0.0,0.0,187.0,170.0,162.0,176.0,153.0,146.0,146.0,121.0,117.0,199.0
3216,2018-06-24T22:40:00,196.0,4.186000049114227,82.05128205128206,0.0,0.0583333333333333,0.0,0.0,191.0,187.0,170.0,162.0,176.0,153.0,146.0,146.0,121.0,199.0
3217,2018-06-24T22:45:00,185.0,4.105500042438507,79.77678571428571,0.0,0.0583333333333333,0.0,0.0,196.0,191.0,187.0,170.0,162.0,176.0,153.0,146.0,146.0,180.0
3218,2018-06-24T22:50:00,199.0,4.025000035762787,81.16964285714286,0.0,0.0583333333333333,0.0,0.0,185.0,196.0,191.0,187.0,170.0,162.0,176.0,153.0,146.0,194.0
3219,2018-06-24T22:55:00,199.0,4.025000035762787,80.3103448275862,0.0,0.0583333333333333,0.0,0.0,199.0,185.0,196.0,191.0,187.0,170.0,162.0,176.0,153.0,191.0
3220,2018-06-24T23:00:00,180.0,4.186000049114227,79.71544715447155,0.0,0.0583333333333333,0.0,0.0,199.0,199.0,185.0,196.0,191.0,187.0,170.0,162.0,176.0,170.0
3221,2018-06-24T23:05:00,194.0,4.105500042438507,81.45833333333333,0.0,0.0583333333333333,0.0,0.0,180.0,199.0,199.0,185.0,196.0,191.0,187.0,170.0,162.0,176.0
3222,2018-06-24T23:10:00,191.0,4.105500042438507,82.80172413793103,0.0,0.0583333333333333,0.0,0.0,194.0,180.0,199.0,199.0,185.0,196.0,191.0,187.0,170.0,170.0
3223,2018-06-24T23:15:00,170.0,4.025000035762787,81.50434782608696,0.0,0.0583333333333333,0.0,0.0,191.0,194.0,180.0,199.0,199.0,185.0,196.0,191.0,187.0,148.0
3224,2018-06-24T23:20:00,176.0,4.105500042438507,80.74774774774775,0.0,0.0583333333333333,0.0,0.0,170.0,191.0,194.0,180.0,199.0,199.0,185.0,196.0,191.0,154.0
3225,2018-06-24T23:25:00,170.0,4.186000049114227,83.21186440677967,0.0,0.0583333333333333,0.0,0.0,176.0,170.0,191.0,194.0,180.0,199.0,199.0,185.0,196.0,146.0
3226,2018-06-24T23:30:00,148.0,4.347000062465668,85.77966101694915,0.0,0.0583333333333333,0.0,0.0,170.0,176.0,170.0,191.0,194.0,180.0,199.0,199.0,185.0,122.0
3227,2018-06-24T23:35:00,154.0,4.830000102519989,88.89908256880734,0.0,0.0583333333333333,0.0,0.0,148.0,170.0,176.0,170.0,191.0,194.0,180.0,199.0,199.0,138.0
3228,2018-06-24T23:40:00,146.0,4.266499996185303,85.92035398230088,0.0,0.0583333333333333,0.0,0.0,154.0,148.0,170.0,176.0,170.0,191.0,194.0,180.0,199.0,135.0
3229,2018-06-24T23:45:00,122.0,4.105500042438507,84.44444444444444,0.0,0.0583333333333333,0.0,0.0,146.0,154.0,148.0,170.0,176.0,170.0,191.0,194.0,180.0,108.0
3230,2018-06-24T23:50:00,138.0,5.393499970436096,83.93913043478261,0.0,0.0583333333333333,0.0,0.0,122.0,146.0,154.0,148.0,170.0,176.0,170.0,191.0,194.0,128.0
3231,2018-06-24T23:55:00,135.0,4.025000035762787,82.96907216494846,0.0,0.0583333333333333,0.0,0.0,138.0,122.0,146.0,154.0,148.0,170.0,176.0,170.0,191.0,126.0
3232,2018-06-25T00:00:00,108.0,4.025000035762787,84.24347826086957,0.0,0.0708333333333333,0.0,0.0,135.0,138.0,122.0,146.0,154.0,148.0,170.0,176.0,170.0,102.0
3233,2018-06-25T00:05:00,128.0,4.025000035762787,82.54166666666667,0.0,0.0708333333333333,0.0,0.0,108.0,135.0,138.0,122.0,146.0,154.0,148.0,170.0,176.0,125.0
3234,2018-06-25T00:10:00,126.0,4.025000035762787,81.85593220338983,0.0,0.0708333333333333,0.0,0.0,128.0,108.0,135.0,138.0,122.0,146.0,154.0,148.0,170.0,126.0
3235,2018-06-25T00:15:00,102.0,4.025000035762787,79.82407407407408,0.0,0.0708333333333333,0.0,0.0,126.0,128.0,108.0,135.0,138.0,122.0,146.0,154.0,148.0,105.0
3236,2018-06-25T00:20:00,125.0,4.025000035762787,81.53271028037383,0.0,0.0708333333333333,0.0,0.0,102.0,126.0,128.0,108.0,135.0,138.0,122.0,146.0,154.0,128.0
3237,2018-06-25T00:25:00,126.0,4.025000035762787,80.52678571428571,0.0,0.0708333333333333,0.0,0.0,125.0,102.0,126.0,128.0,108.0,135.0,138.0,122.0,146.0,128.0
3238,2018-06-25T00:30:00,105.0,4.025000035762787,81.14782608695653,0.0,0.0708333333333333,0.0,0.0,126.0,125.0,102.0,126.0,128.0,108.0,135.0,138.0,122.0,105.0
3239,2018-06-25T00:35:00,128.0,4.025000035762787,77.76724137931035,0.0,0.0708333333333333,0.0,0.0,105.0,126.0,125.0,102.0,126.0,128.0,108.0,135.0,138.0,127.0
3240,2018-06-25T00:40:00,128.0,4.025000035762787,74.96610169491525,0.0,0.0,0.0,0.0,128.0,105.0,126.0,125.0,102.0,126.0,128.0,108.0,135.0,130.0
3241,2018-06-25T00:45:00,105.0,4.105500042438507,76.86440677966101,0.0,0.0,0.0,0.0,128.0,128.0,105.0,126.0,125.0,102.0,126.0,128.0,108.0,113.0
3242,2018-06-25T00:50:00,127.0,4.025000035762787,76.30701754385964,0.0,0.0,0.0,0.0,105.0,128.0,128.0,105.0,126.0,125.0,102.0,126.0,128.0,131.0
3243,2018-06-25T00:55:00,130.0,4.025000035762787,77.16216216216216,0.0,0.0,0.0,0.0,127.0,105.0,128.0,128.0,105.0,126.0,125.0,102.0,126.0,130.0
3244,2018-06-25T01:00:00,113.0,4.105500042438507,78.7890625,0.0,0.0,0.0,0.0,130.0,127.0,105.0,128.0,128.0,105.0,126.0,125.0,102.0,113.0
3245,2018-06-25T01:05:00,131.0,4.025000035762787,77.33043478260869,0.0,0.0,0.0,0.0,113.0,130.0,127.0,105.0,128.0,128.0,105.0,126.0,125.0,131.0
3246,2018-06-25T01:10:00,130.0,4.025000035762787,76.072,0.0,0.0,0.0,0.0,131.0,113.0,130.0,127.0,105.0,128.0,128.0,105.0,126.0,132.0
3247,2018-06-25T01:15:00,113.0,4.186000049114227,78.61607142857143,0.0,0.0,0.0,0.0,130.0,131.0,113.0,130.0,127.0,105.0,128.0,128.0,105.0,114.0
3248,2018-06-25T01:20:00,131.0,4.025000035762787,74.96296296296296,0.0,0.0,0.0,0.0,113.0,130.0,131.0,113.0,130.0,127.0,105.0,128.0,128.0,135.0
3249,2018-06-25T01:25:00,132.0,4.025000035762787,75.02272727272727,0.0,0.0,0.0,0.0,131.0,113.0,130.0,131.0,113.0,130.0,127.0,105.0,128.0,136.0
3250,2018-06-25T01:30:00,114.0,4.025000035762787,75.624,0.0,0.0,0.0,0.0,132.0,131.0,113.0,130.0,131.0,113.0,130.0,127.0,105.0,91.0
3251,2018-06-25T01:35:00,135.0,4.025000035762787,78.75,0.0,0.0,0.0,0.0,114.0,132.0,131.0,113.0,130.0,131.0,113.0,130.0,127.0,135.0
3252,2018-06-25T01:40:00,136.0,4.025000035762787,79.8125,0.0,0.0708333333333333,0.0,0.0,135.0,114.0,132.0,131.0,113.0,130.0,131.0,113.0,130.0,135.0
3253,2018-06-25T01:45:00,91.0,4.025000035762787,81.98347107438016,0.0,0.0708333333333333,0.0,0.0,136.0,135.0,114.0,132.0,131.0,113.0,130.0,131.0,113.0,117.0
3254,2018-06-25T01:50:00,135.0,4.025000035762787,83.48507462686567,0.0,0.0708333333333333,0.0,0.0,91.0,136.0,135.0,114.0,132.0,131.0,113.0,130.0,131.0,137.0
3255,2018-06-25T01:55:00,135.0,4.105500042438507,80.725,0.0,0.0708333333333333,0.0,0.0,135.0,91.0,136.0,135.0,114.0,132.0,131.0,113.0,130.0,140.0
3256,2018-06-25T02:00:00,117.0,4.025000035762787,75.824,0.0,0.0708333333333333,0.0,0.0,135.0,135.0,91.0,136.0,135.0,114.0,132.0,131.0,113.0,121.0
3257,2018-06-25T02:05:00,137.0,4.025000035762787,75.82442748091603,0.0,0.0708333333333333,0.0,0.0,117.0,135.0,135.0,91.0,136.0,135.0,114.0,132.0,131.0,142.0
3258,2018-06-25T02:10:00,140.0,4.025000035762787,76.384,0.0,0.0708333333333333,0.0,0.0,137.0,117.0,135.0,135.0,91.0,136.0,135.0,114.0,132.0,146.0
3259,2018-06-25T02:15:00,121.0,5.796000003814697,87.01769911504425,6.0,0.0708333333333333,0.0,0.0,140.0,137.0,117.0,135.0,135.0,91.0,136.0,135.0,114.0,144.0
3260,2018-06-25T02:20:00,142.0,5.151999890804291,91.99130434782607,0.0,0.0708333333333333,0.0,0.0,121.0,140.0,137.0,117.0,135.0,135.0,91.0,136.0,135.0,157.0
3261,2018-06-25T02:25:00,146.0,4.588499963283539,86.85039370078741,0.0,0.0708333333333333,0.0,0.0,142.0,121.0,140.0,137.0,117.0,135.0,135.0,91.0,136.0,160.0
3262,2018-06-25T02:30:00,144.0,4.105500042438507,77.89189189189189,0.0,0.0708333333333333,0.0,0.0,146.0,142.0,121.0,140.0,137.0,117.0,135.0,135.0,91.0,155.0
3263,2018-06-25T02:35:00,157.0,5.312999963760376,77.58558558558559,9.0,0.0708333333333333,0.0,0.0,144.0,146.0,142.0,121.0,140.0,137.0,117.0,135.0,135.0,164.0
3264,2018-06-25T02:40:00,160.0,4.105500042438507,71.2051282051282,0.0,0.0708333333333333,0.0,0.0,157.0,144.0,146.0,142.0,121.0,140.0,137.0,117.0,135.0,165.0
3265,2018-06-25T02:45:00,155.0,4.025000035762787,71.58333333333333,0.0,0.0708333333333333,0.0,0.0,160.0,157.0,144.0,146.0,142.0,121.0,140.0,137.0,117.0,161.0
3266,2018-06-25T02:50:00,164.0,4.025000035762787,69.90082644628099,0.0,0.0708333333333333,0.0,0.0,155.0,160.0,157.0,144.0,146.0,142.0,121.0,140.0,137.0,168.0
3267,2018-06-25T02:55:00,165.0,4.025000035762787,68.14634146341463,0.0,0.0708333333333333,0.0,0.0,164.0,155.0,160.0,157.0,144.0,146.0,142.0,121.0,140.0,168.0
3268,2018-06-25T03:00:00,161.0,4.025000035762787,68.41379310344827,0.0,0.0541666666666666,0.0,0.0,165.0,164.0,155.0,160.0,157.0,144.0,146.0,142.0,121.0,153.0
3269,2018-06-25T03:05:00,168.0,4.025000035762787,70.80341880341881,0.0,0.0541666666666666,0.0,0.0,161.0,165.0,164.0,155.0,160.0,157.0,144.0,146.0,142.0,170.0
3270,2018-06-25T03:10:00,168.0,4.025000035762787,69.35398230088495,0.0,0.0541666666666666,0.0,0.0,168.0,161.0,165.0,164.0,155.0,160.0,157.0,144.0,146.0,170.0
3271,2018-06-25T03:15:00,153.0,4.025000035762787,67.832,0.0,0.0541666666666666,0.0,0.0,168.0,168.0,161.0,165.0,164.0,155.0,160.0,157.0,144.0,143.0
3272,2018-06-25T03:20:00,170.0,4.025000035762787,64.98245614035088,0.0,0.0541666666666666,0.0,0.0,153.0,168.0,168.0,161.0,165.0,164.0,155.0,160.0,157.0,168.0
3273,2018-06-25T03:25:00,170.0,4.025000035762787,65.89915966386555,0.0,0.0541666666666666,0.0,0.0,170.0,153.0,168.0,168.0,161.0,165.0,164.0,155.0,160.0,166.0
3274,2018-06-25T03:30:00,143.0,4.025000035762787,66.3103448275862,0.0,0.0541666666666666,0.0,0.0,170.0,170.0,153.0,168.0,168.0,161.0,165.0,164.0,155.0,143.0
3275,2018-06-25T03:35:00,168.0,4.025000035762787,68.78813559322033,0.0,0.0541666666666666,0.0,0.0,143.0,170.0,170.0,153.0,168.0,168.0,161.0,165.0,164.0,164.0
3276,2018-06-25T03:40:00,166.0,4.025000035762787,69.88888888888889,0.0,0.0541666666666666,0.0,0.0,168.0,143.0,170.0,170.0,153.0,168.0,168.0,161.0,165.0,162.0
3277,2018-06-25T03:45:00,143.0,4.025000035762787,72.03508771929825,0.0,0.0541666666666666,0.0,0.0,166.0,168.0,143.0,170.0,170.0,153.0,168.0,168.0,161.0,148.0
3278,2018-06-25T03:50:00,164.0,4.025000035762787,67.304,0.0,0.0541666666666666,0.0,0.0,143.0,166.0,168.0,143.0,170.0,170.0,153.0,168.0,168.0,157.0
3279,2018-06-25T03:55:00,162.0,4.025000035762787,66.7,0.0,0.0541666666666666,0.0,0.0,164.0,143.0,166.0,168.0,143.0,170.0,170.0,153.0,168.0,157.0
3280,2018-06-25T04:00:00,148.0,4.025000035762787,68.8125,0.0,0.0541666666666666,0.0,0.0,162.0,164.0,143.0,166.0,168.0,143.0,170.0,170.0,153.0,144.0
3281,2018-06-25T04:05:00,157.0,4.025000035762787,67.09375,0.0,0.0541666666666666,0.0,0.0,148.0,162.0,164.0,143.0,166.0,168.0,143.0,170.0,170.0,152.0
3282,2018-06-25T04:10:00,157.0,4.025000035762787,64.13559322033899,0.0,0.0541666666666666,0.0,0.0,157.0,148.0,162.0,164.0,143.0,166.0,168.0,143.0,170.0,149.0
3283,2018-06-25T04:15:00,144.0,4.025000035762787,65.35537190082644,0.0,0.0541666666666666,0.0,0.0,157.0,157.0,148.0,162.0,164.0,143.0,166.0,168.0,143.0,134.0
3284,2018-06-25T04:20:00,152.0,4.025000035762787,63.59649122807018,0.0,0.0541666666666666,0.0,0.0,144.0,157.0,157.0,148.0,162.0,164.0,143.0,166.0,168.0,145.0
3285,2018-06-25T04:25:00,149.0,4.991000056266785,66.65467625899281,5.0,0.0541666666666666,0.0,0.0,152.0,144.0,157.0,157.0,148.0,162.0,164.0,143.0,166.0,144.0
3286,2018-06-25T04:30:00,134.0,4.025000035762787,68.15,0.0,0.0541666666666666,0.0,0.0,149.0,152.0,144.0,157.0,157.0,148.0,162.0,164.0,143.0,124.0
3287,2018-06-25T04:35:00,145.0,4.025000035762787,70.87301587301587,0.0,0.0541666666666666,0.0,0.0,134.0,149.0,152.0,144.0,157.0,157.0,148.0,162.0,164.0,139.0
3288,2018-06-25T04:40:00,144.0,4.105500042438507,67.88983050847457,0.0,0.0541666666666666,0.0,0.0,145.0,134.0,149.0,152.0,144.0,157.0,157.0,148.0,162.0,139.0
3289,2018-06-25T04:45:00,124.0,4.025000035762787,68.96747967479675,0.0,0.0541666666666666,0.0,0.0,144.0,145.0,134.0,149.0,152.0,144.0,157.0,157.0,148.0,128.0
3290,2018-06-25T04:50:00,139.0,4.025000035762787,69.11016949152543,0.0,0.0541666666666666,0.0,0.0,124.0,144.0,145.0,134.0,149.0,152.0,144.0,157.0,157.0,143.0
3291,2018-06-25T04:55:00,139.0,4.025000035762787,69.51724137931035,0.0,0.0541666666666666,0.0,0.0,139.0,124.0,144.0,145.0,134.0,149.0,152.0,144.0,157.0,146.0
3292,2018-06-25T05:00:00,128.0,4.025000035762787,70.24107142857143,0.0,0.0416666666666666,0.0,0.0,139.0,139.0,124.0,144.0,145.0,134.0,149.0,152.0,144.0,135.0
3293,2018-06-25T05:05:00,143.0,4.025000035762787,68.23387096774194,0.0,0.0416666666666666,0.0,0.0,128.0,139.0,139.0,124.0,144.0,145.0,134.0,149.0,152.0,138.0
3294,2018-06-25T05:10:00,146.0,4.025000035762787,69.6198347107438,0.0,0.0416666666666666,0.0,0.0,143.0,128.0,139.0,139.0,124.0,144.0,145.0,134.0,149.0,138.0
3295,2018-06-25T05:15:00,135.0,4.105500042438507,72.02189781021897,0.0,0.0416666666666666,0.0,0.0,146.0,143.0,128.0,139.0,139.0,124.0,144.0,145.0,134.0,137.0
3296,2018-06-25T05:20:00,138.0,4.025000035762787,68.83333333333333,0.0,0.0416666666666666,0.0,0.0,135.0,146.0,143.0,128.0,139.0,139.0,124.0,144.0,145.0,141.0
3297,2018-06-25T05:25:00,138.0,4.025000035762787,66.21929824561404,0.0,0.0416666666666666,0.0,0.0,138.0,135.0,146.0,143.0,128.0,139.0,139.0,124.0,144.0,145.0
3298,2018-06-25T05:30:00,137.0,4.025000035762787,66.4957264957265,0.0,0.0416666666666666,0.0,0.0,138.0,138.0,135.0,146.0,143.0,128.0,139.0,139.0,124.0,140.0
3299,2018-06-25T05:35:00,141.0,4.025000035762787,66.50420168067227,0.0,0.0416666666666666,0.0,0.0,137.0,138.0,138.0,135.0,146.0,143.0,128.0,139.0,139.0,147.0
3300,2018-06-25T05:40:00,145.0,4.025000035762787,66.544,0.0,0.0416666666666666,0.0,0.0,141.0,137.0,138.0,138.0,135.0,146.0,143.0,128.0,139.0,149.0
3301,2018-06-25T05:45:00,140.0,4.025000035762787,65.0569105691057,0.0,0.0416666666666666,0.0,0.0,145.0,141.0,137.0,138.0,138.0,135.0,146.0,143.0,128.0,145.0
3302,2018-06-25T05:50:00,147.0,4.025000035762787,66.08403361344538,0.0,0.0416666666666666,0.0,0.0,140.0,145.0,141.0,137.0,138.0,138.0,135.0,146.0,143.0,152.0
3303,2018-06-25T05:55:00,149.0,4.025000035762787,68.536,0.0,0.0416666666666666,0.0,0.0,147.0,140.0,145.0,141.0,137.0,138.0,138.0,135.0,146.0,150.0
3304,2018-06-25T06:00:00,145.0,4.105500042438507,66.83333333333333,0.0,0.0416666666666666,0.0,0.0,149.0,147.0,140.0,145.0,141.0,137.0,138.0,138.0,135.0,153.0
3305,2018-06-25T06:05:00,152.0,4.025000035762787,64.8360655737705,0.0,0.0416666666666666,0.0,0.0,145.0,149.0,147.0,140.0,145.0,141.0,137.0,138.0,138.0,150.0
3306,2018-06-25T06:10:00,150.0,4.427500069141388,72.93636363636364,0.0,0.0416666666666666,0.0,0.0,152.0,145.0,149.0,147.0,140.0,145.0,141.0,137.0,138.0,156.0
3307,2018-06-25T06:15:00,153.0,4.427500069141388,79.97142857142858,0.0,0.0416666666666666,2.3,3.0,150.0,152.0,145.0,149.0,147.0,140.0,145.0,141.0,137.0,168.0
3308,2018-06-25T06:20:00,150.0,4.186000049114227,77.95,0.0,0.0416666666666666,0.0,0.0,153.0,150.0,152.0,145.0,149.0,147.0,140.0,145.0,141.0,172.0
3309,2018-06-25T06:25:00,156.0,7.969499945640564,84.1864406779661,37.0,0.0416666666666666,0.0,0.0,150.0,153.0,150.0,152.0,145.0,149.0,147.0,140.0,145.0,179.0
3310,2018-06-25T06:30:00,168.0,4.910499930381775,88.06481481481481,0.0,0.0416666666666666,0.0,0.0,156.0,150.0,153.0,150.0,152.0,145.0,149.0,147.0,140.0,187.0
3311,2018-06-25T06:35:00,172.0,8.049999952316284,87.55555555555556,31.0,0.0416666666666666,0.0,0.0,168.0,156.0,150.0,153.0,150.0,152.0,145.0,149.0,147.0,183.0
3312,2018-06-25T06:40:00,179.0,6.037500023841859,85.98305084745763,0.0,0.0416666666666666,0.0,0.0,172.0,168.0,156.0,150.0,153.0,150.0,152.0,145.0,149.0,186.0
3313,2018-06-25T06:45:00,187.0,8.210999965667725,88.62295081967213,23.0,0.0416666666666666,0.0,0.0,179.0,172.0,168.0,156.0,150.0,153.0,150.0,152.0,145.0,185.0
3314,2018-06-25T06:50:00,183.0,7.325499951839448,85.63414634146342,53.0,0.0416666666666666,0.0,0.0,187.0,179.0,172.0,168.0,156.0,150.0,153.0,150.0,152.0,195.0
3315,2018-06-25T06:55:00,186.0,11.028499960899351,93.8,57.0,0.0416666666666666,0.0,0.0,183.0,187.0,179.0,172.0,168.0,156.0,150.0,153.0,150.0,199.0
3316,2018-06-25T07:00:00,185.0,5.071499943733215,94.63793103448276,0.0,0.0416666666666666,0.0,0.0,186.0,183.0,187.0,179.0,172.0,168.0,156.0,150.0,153.0,180.0
3317,2018-06-25T07:05:00,195.0,4.266500055789948,82.44715447154472,0.0,0.0416666666666666,0.0,0.0,185.0,186.0,183.0,187.0,179.0,172.0,168.0,156.0,150.0,197.0
3318,2018-06-25T07:10:00,199.0,4.105500042438507,71.31896551724138,0.0,0.0416666666666666,0.0,0.0,195.0,185.0,186.0,183.0,187.0,179.0,172.0,168.0,156.0,197.0
3319,2018-06-25T07:15:00,180.0,4.025000035762787,67.7457627118644,0.0,0.0416666666666666,0.0,0.0,199.0,195.0,185.0,186.0,183.0,187.0,179.0,172.0,168.0,180.0
3320,2018-06-25T07:20:00,197.0,4.105500042438507,72.75,0.0,0.0416666666666666,0.0,0.0,180.0,199.0,195.0,185.0,186.0,183.0,187.0,179.0,172.0,197.0
3321,2018-06-25T07:25:00,197.0,4.025000035762787,70.05454545454545,0.0,0.0416666666666666,0.0,0.0,197.0,180.0,199.0,195.0,185.0,186.0,183.0,187.0,179.0,193.0
3322,2018-06-25T07:30:00,180.0,4.025000035762787,69.34426229508196,0.0,0.0416666666666666,0.0,0.0,197.0,197.0,180.0,199.0,195.0,185.0,186.0,183.0,187.0,174.0
3323,2018-06-25T07:35:00,197.0,4.025000035762787,68.21739130434783,0.0,0.0416666666666666,0.0,0.0,180.0,197.0,197.0,180.0,199.0,195.0,185.0,186.0,183.0,182.0
3324,2018-06-25T07:40:00,193.0,4.025000035762787,69.13675213675214,0.0,0.0416666666666666,0.0,0.0,197.0,180.0,197.0,197.0,180.0,199.0,195.0,185.0,186.0,177.0
3325,2018-06-25T07:45:00,174.0,4.025000035762787,66.90265486725664,0.0,0.0416666666666666,0.0,0.0,193.0,197.0,180.0,197.0,197.0,180.0,199.0,195.0,185.0,154.0
3326,2018-06-25T07:50:00,182.0,5.232500076293945,71.13178294573643,0.0,0.0416666666666666,0.0,0.0,174.0,193.0,197.0,180.0,197.0,197.0,180.0,199.0,195.0,157.0
3327,2018-06-25T07:55:00,177.0,4.105500042438507,67.85245901639344,0.0,0.0416666666666666,0.0,0.0,182.0,174.0,193.0,197.0,180.0,197.0,197.0,180.0,199.0,144.0
3328,2018-06-25T08:00:00,154.0,9.98199999332428,85.48818897637796,147.0,0.0416666666666666,0.0,0.0,177.0,182.0,174.0,193.0,197.0,180.0,197.0,197.0,180.0,126.0
3329,2018-06-25T08:05:00,157.0,7.084000051021576,88.53153153153153,44.0,0.0416666666666666,0.0,0.0,154.0,177.0,182.0,174.0,193.0,197.0,180.0,197.0,197.0,125.0
3330,2018-06-25T08:10:00,144.0,7.244999825954437,86.39393939393939,28.0,0.0416666666666666,0.0,0.0,157.0,154.0,177.0,182.0,174.0,193.0,197.0,180.0,197.0,119.0
3331,2018-06-25T08:15:00,126.0,6.520500123500824,81.30508474576271,19.0,0.0416666666666666,0.0,0.0,144.0,157.0,154.0,177.0,182.0,174.0,193.0,197.0,180.0,99.0
3332,2018-06-25T08:20:00,125.0,5.152000069618225,72.28333333333333,4.0,0.0416666666666666,0.0,0.0,126.0,144.0,157.0,154.0,177.0,182.0,174.0,193.0,197.0,114.0
3333,2018-06-25T08:25:00,119.0,4.186000049114227,71.70175438596492,0.0,0.0416666666666666,0.0,0.0,125.0,126.0,144.0,157.0,154.0,177.0,182.0,174.0,193.0,110.0
3334,2018-06-25T08:30:00,99.0,5.3130000829696655,73.51724137931035,0.0,0.0416666666666666,0.0,0.0,119.0,125.0,126.0,144.0,157.0,154.0,177.0,182.0,174.0,93.0
3335,2018-06-25T08:35:00,114.0,4.186000049114227,71.15,0.0,0.0416666666666666,0.0,0.0,99.0,119.0,125.0,126.0,144.0,157.0,154.0,177.0,182.0,100.0
3336,2018-06-25T08:40:00,110.0,5.554499983787537,70.85483870967742,17.0,0.0416666666666666,0.0,0.0,114.0,99.0,119.0,125.0,126.0,144.0,157.0,154.0,177.0,103.0
3337,2018-06-25T08:45:00,93.0,5.876500010490418,80.936,26.0,0.0416666666666666,0.0,0.0,110.0,114.0,99.0,119.0,125.0,126.0,144.0,157.0,154.0,104.0
3338,2018-06-25T08:50:00,100.0,11.108999848365784,84.43362831858407,57.0,0.0416666666666666,0.0,0.0,93.0,110.0,114.0,99.0,119.0,125.0,126.0,144.0,157.0,114.0
3339,2018-06-25T08:55:00,103.0,6.922999918460846,77.1880341880342,15.0,0.0416666666666666,0.0,0.0,100.0,93.0,110.0,114.0,99.0,119.0,125.0,126.0,144.0,119.0
3340,2018-06-25T09:00:00,104.0,8.693999826908112,81.91818181818182,25.0,0.0375,0.0,0.0,103.0,100.0,93.0,110.0,114.0,99.0,119.0,125.0,126.0,147.0
3341,2018-06-25T09:05:00,114.0,5.071499884128571,91.64179104477611,0.0,0.0375,0.0,0.0,104.0,103.0,100.0,93.0,110.0,114.0,99.0,119.0,125.0,151.0
3342,2018-06-25T09:10:00,119.0,11.02849990129471,88.57142857142857,80.0,0.0375,0.0,0.0,114.0,104.0,103.0,100.0,93.0,110.0,114.0,99.0,119.0,162.0
3343,2018-06-25T09:15:00,147.0,8.935499846935272,89.41780821917808,44.0,0.0375,0.0,0.0,119.0,114.0,104.0,103.0,100.0,93.0,110.0,114.0,99.0,165.0
3344,2018-06-25T09:20:00,151.0,6.681499898433685,76.84677419354838,0.0,0.0375,0.0,0.0,147.0,119.0,114.0,104.0,103.0,100.0,93.0,110.0,114.0,165.0
3345,2018-06-25T09:25:00,162.0,5.3130000829696655,71.04166666666667,10.0,0.0375,0.0,0.0,151.0,147.0,119.0,114.0,104.0,103.0,100.0,93.0,110.0,163.0
3346,2018-06-25T09:30:00,165.0,4.347000062465668,81.43103448275862,0.0,0.0375,0.0,0.0,162.0,151.0,147.0,119.0,114.0,104.0,103.0,100.0,93.0,145.0
3347,2018-06-25T09:35:00,165.0,4.186000049114227,72.93333333333334,0.0,0.0375,0.0,0.0,165.0,162.0,151.0,147.0,119.0,114.0,104.0,103.0,100.0,155.0
3348,2018-06-25T09:40:00,163.0,4.105500042438507,73.6,0.0,0.0375,0.0,0.0,165.0,165.0,162.0,151.0,147.0,119.0,114.0,104.0,103.0,151.0
3349,2018-06-25T09:45:00,145.0,4.105500042438507,71.80165289256199,0.0,0.0375,0.0,0.0,163.0,165.0,165.0,162.0,151.0,147.0,119.0,114.0,104.0,130.0
3350,2018-06-25T09:50:00,155.0,4.025000035762787,68.5040650406504,0.0,0.0375,0.0,0.0,145.0,163.0,165.0,165.0,162.0,151.0,147.0,119.0,114.0,144.0
3351,2018-06-25T09:55:00,151.0,4.186000049114227,71.72413793103448,0.0,0.0375,0.0,0.0,155.0,145.0,163.0,165.0,165.0,162.0,151.0,147.0,119.0,143.0
3352,2018-06-25T10:00:00,130.0,5.071500062942505,72.10169491525424,5.0,0.0375,0.0,0.0,151.0,155.0,145.0,163.0,165.0,165.0,162.0,151.0,147.0,125.0
3353,2018-06-25T10:05:00,144.0,4.105500042438507,74.16528925619835,0.0,0.0375,0.0,0.0,130.0,151.0,155.0,145.0,163.0,165.0,165.0,162.0,151.0,139.0
3354,2018-06-25T10:10:00,143.0,4.025000035762787,72.43442622950819,0.0,0.0375,0.0,0.0,144.0,130.0,151.0,155.0,145.0,163.0,165.0,165.0,162.0,138.0
3355,2018-06-25T10:15:00,125.0,5.152000069618225,71.2,0.0,0.0375,0.0,0.0,143.0,144.0,130.0,151.0,155.0,145.0,163.0,165.0,165.0,120.0
3356,2018-06-25T10:20:00,139.0,4.347000062465668,77.50434782608696,0.0,0.0375,0.0,0.0,125.0,143.0,144.0,130.0,151.0,155.0,145.0,163.0,165.0,132.0
3357,2018-06-25T10:25:00,138.0,6.117999911308289,85.61682242990655,18.0,0.0375,0.0,0.0,139.0,125.0,143.0,144.0,130.0,151.0,155.0,145.0,163.0,130.0
3358,2018-06-25T10:30:00,120.0,8.210999965667725,83.90833333333333,37.0,0.0375,0.0,0.0,138.0,139.0,125.0,143.0,144.0,130.0,151.0,155.0,145.0,123.0
3359,2018-06-25T10:35:00,132.0,11.10899990797043,97.25,53.0,0.0375,0.0,0.0,120.0,138.0,139.0,125.0,143.0,144.0,130.0,151.0,155.0,133.0
3360,2018-06-25T10:40:00,130.0,10.786999940872192,103.55263157894736,75.0,0.0375,0.0,0.0,132.0,120.0,138.0,139.0,125.0,143.0,144.0,130.0,151.0,138.0
3361,2018-06-25T10:45:00,123.0,7.566999852657318,93.03053435114504,13.0,0.0375,0.0,0.0,130.0,132.0,120.0,138.0,139.0,125.0,143.0,144.0,130.0,153.0
3362,2018-06-25T10:50:00,133.0,10.545499980449677,98.85365853658536,37.0,0.0375,0.0,0.0,123.0,130.0,132.0,120.0,138.0,139.0,125.0,143.0,144.0,174.0
3363,2018-06-25T10:55:00,138.0,13.20199990272522,98.5728155339806,94.0,0.0375,0.0,0.0,133.0,123.0,130.0,132.0,120.0,138.0,139.0,125.0,143.0,188.0
3364,2018-06-25T11:00:00,153.0,4.910499930381775,90.5,0.0,0.0375,0.0,0.0,138.0,133.0,123.0,130.0,132.0,120.0,138.0,139.0,125.0,221.0
3365,2018-06-25T11:05:00,174.0,6.842499911785126,86.83898305084746,19.0,0.0375,0.0,0.0,153.0,138.0,133.0,123.0,130.0,132.0,120.0,138.0,139.0,209.0
3366,2018-06-25T11:10:00,188.0,11.108999729156496,88.41441441441441,74.0,0.0375,0.0,0.0,174.0,153.0,138.0,133.0,123.0,130.0,132.0,120.0,138.0,214.0
3367,2018-06-25T11:15:00,221.0,12.39699983596802,93.96694214876032,117.0,0.0375,0.0,0.0,188.0,174.0,153.0,138.0,133.0,123.0,130.0,132.0,120.0,242.0
3368,2018-06-25T11:20:00,209.0,21.091000080108643,98.68548387096774,463.0,0.0375,0.0,0.0,221.0,188.0,174.0,153.0,138.0,133.0,123.0,130.0,132.0,222.0
3369,2018-06-25T11:25:00,214.0,10.706499755382538,91.8921568627451,80.0,0.0375,0.0,0.0,209.0,221.0,188.0,174.0,153.0,138.0,133.0,123.0,130.0,225.0
3370,2018-06-25T11:30:00,242.0,12.638500273227692,91.5,195.0,0.0375,0.0,0.0,214.0,209.0,221.0,188.0,174.0,153.0,138.0,133.0,123.0,230.0
3371,2018-06-25T11:35:00,222.0,13.76550006866455,97.70491803278688,141.0,0.0375,0.0,0.0,242.0,214.0,209.0,221.0,188.0,174.0,153.0,138.0,133.0,229.0
3372,2018-06-25T11:40:00,225.0,11.591999769210815,90.8813559322034,84.0,0.0375,0.0,0.0,222.0,242.0,214.0,209.0,221.0,188.0,174.0,153.0,138.0,225.0
3373,2018-06-25T11:45:00,230.0,7.486499786376953,91.54054054054056,21.0,0.0375,0.0,0.0,225.0,222.0,242.0,214.0,209.0,221.0,188.0,174.0,153.0,218.0
3374,2018-06-25T11:50:00,229.0,11.350499868392946,96.46902654867256,94.0,0.0375,0.0,0.0,230.0,225.0,222.0,242.0,214.0,209.0,221.0,188.0,174.0,227.0
3375,2018-06-25T11:55:00,225.0,7.003499925136566,90.31623931623932,8.0,0.0375,0.0,0.0,229.0,230.0,225.0,222.0,242.0,214.0,209.0,221.0,188.0,228.0
3376,2018-06-25T12:00:00,218.0,9.015999853610994,86.59663865546219,52.0,0.0375,0.0,0.0,225.0,229.0,230.0,225.0,222.0,242.0,214.0,209.0,221.0,220.0
3377,2018-06-25T12:05:00,227.0,8.532999873161316,89.83760683760684,28.0,0.0375,0.0,0.0,218.0,225.0,229.0,230.0,225.0,222.0,242.0,214.0,209.0,226.0
3378,2018-06-25T12:10:00,228.0,10.223499953746794,96.55084745762711,96.0,0.0375,0.0,0.0,227.0,218.0,225.0,229.0,230.0,225.0,222.0,242.0,214.0,228.0
3379,2018-06-25T12:15:00,220.0,13.20199990272522,105.22018348623853,98.0,0.0375,0.0,0.0,228.0,227.0,218.0,225.0,229.0,230.0,225.0,222.0,242.0,227.0
3380,2018-06-25T12:20:00,226.0,12.55799984931946,82.94897959183673,154.0,0.0375,0.0,0.0,220.0,228.0,227.0,218.0,225.0,229.0,230.0,225.0,222.0,226.0
3381,2018-06-25T12:25:00,228.0,8.693999767303467,90.099173553719,42.0,0.0375,0.0,0.0,226.0,220.0,228.0,227.0,218.0,225.0,229.0,230.0,225.0,227.0
3382,2018-06-25T12:30:00,227.0,9.337999880313877,86.390625,128.0,0.0375,0.0,0.0,228.0,226.0,220.0,228.0,227.0,218.0,225.0,229.0,230.0,227.0
3383,2018-06-25T12:35:00,226.0,6.600999891757965,98.67441860465117,0.0,0.0375,0.0,0.0,227.0,228.0,226.0,220.0,228.0,227.0,218.0,225.0,229.0,227.0
3384,2018-06-25T12:40:00,227.0,7.888999879360201,96.34883720930232,27.0,0.0375,0.0,0.0,226.0,227.0,228.0,226.0,220.0,228.0,227.0,218.0,225.0,229.0
3385,2018-06-25T12:45:00,227.0,6.117999970912934,90.15217391304348,40.0,0.0375,0.0,0.0,227.0,226.0,227.0,228.0,226.0,220.0,228.0,227.0,218.0,224.0
3386,2018-06-25T12:50:00,227.0,5.071499943733215,92.1869918699187,0.0,0.0375,0.0,0.0,227.0,227.0,226.0,227.0,228.0,226.0,220.0,228.0,227.0,229.0
3387,2018-06-25T12:55:00,229.0,4.749499976634979,87.01639344262296,0.0,0.0375,0.0,0.0,227.0,227.0,227.0,226.0,227.0,228.0,226.0,220.0,228.0,224.0
3388,2018-06-25T13:00:00,224.0,4.990999937057495,87.89430894308943,0.0,0.0375,0.0,0.0,229.0,227.0,227.0,227.0,226.0,227.0,228.0,226.0,220.0,220.0
3389,2018-06-25T13:05:00,229.0,5.957000017166139,88.12389380530973,15.0,0.0375,0.0,0.0,224.0,229.0,227.0,227.0,227.0,226.0,227.0,228.0,226.0,217.0
3390,2018-06-25T13:10:00,224.0,7.083999931812286,90.5798319327731,0.0,0.0375,0.0,0.0,229.0,224.0,229.0,227.0,227.0,227.0,226.0,227.0,228.0,209.0
3391,2018-06-25T13:15:00,220.0,10.303999900817873,89.79464285714286,130.0,0.0375,0.0,0.0,224.0,229.0,224.0,229.0,227.0,227.0,227.0,226.0,227.0,211.0
3392,2018-06-25T13:20:00,217.0,7.083999872207642,88.2016806722689,8.0,0.0375,0.0,0.0,220.0,224.0,229.0,224.0,229.0,227.0,227.0,227.0,226.0,212.0
3393,2018-06-25T13:25:00,209.0,7.325499951839447,84.11926605504587,55.0,0.0375,0.0,0.0,217.0,220.0,224.0,229.0,224.0,229.0,227.0,227.0,227.0,210.0
3394,2018-06-25T13:30:00,211.0,7.003499984741209,85.90350877192982,47.0,0.0375,0.0,0.0,209.0,217.0,220.0,224.0,229.0,224.0,229.0,227.0,227.0,206.0
3395,2018-06-25T13:35:00,212.0,8.291499912738798,87.96610169491525,8.0,0.0375,0.0,0.0,211.0,209.0,217.0,220.0,224.0,229.0,224.0,229.0,227.0,207.0
3396,2018-06-25T13:40:00,210.0,7.566999912261964,92.10891089108912,34.0,0.0375,0.0,0.0,212.0,211.0,209.0,217.0,220.0,224.0,229.0,224.0,229.0,202.0
3397,2018-06-25T13:45:00,206.0,12.07499980926514,89.47008547008546,137.0,0.0375,0.0,0.0,210.0,212.0,211.0,209.0,217.0,220.0,224.0,229.0,224.0,201.0
3398,2018-06-25T13:50:00,207.0,12.23599982261658,97.29523809523808,83.0,0.0375,0.0,0.0,206.0,210.0,212.0,211.0,209.0,217.0,220.0,224.0,229.0,199.0
3399,2018-06-25T13:55:00,202.0,5.635000050067902,88.02678571428571,6.0,0.0375,0.0,0.0,207.0,206.0,210.0,212.0,211.0,209.0,217.0,220.0,224.0,200.0
3400,2018-06-25T14:00:00,201.0,7.486499905586244,95.41964285714286,18.0,0.0375,0.0,0.0,202.0,207.0,206.0,210.0,212.0,211.0,209.0,217.0,220.0,206.0
3401,2018-06-25T14:05:00,199.0,11.833499908447266,98.07438016528926,59.0,0.0375,0.0,0.0,201.0,202.0,207.0,206.0,210.0,212.0,211.0,209.0,217.0,200.0
3402,2018-06-25T14:10:00,200.0,13.20199990272522,86.63380281690141,138.0,0.0375,0.0,0.0,199.0,201.0,202.0,207.0,206.0,210.0,212.0,211.0,209.0,202.0
3403,2018-06-25T14:15:00,206.0,6.681500017642975,82.7433628318584,14.0,0.0375,0.0,0.0,200.0,199.0,201.0,202.0,207.0,206.0,210.0,212.0,211.0,211.0
3404,2018-06-25T14:20:00,200.0,14.811999797821048,93.6875,129.0,0.0375,0.0,0.0,206.0,200.0,199.0,201.0,202.0,207.0,206.0,210.0,212.0,202.0
3405,2018-06-25T14:25:00,202.0,17.54900026321411,116.32407407407408,72.0,0.0375,0.0,0.0,200.0,206.0,200.0,199.0,201.0,202.0,207.0,206.0,210.0,200.0
3406,2018-06-25T14:30:00,211.0,12.799499988555905,107.92727272727272,57.0,0.0375,0.0,0.0,202.0,200.0,206.0,200.0,199.0,201.0,202.0,207.0,206.0,204.0
3407,2018-06-25T14:35:00,202.0,14.167999982833862,95.46739130434784,142.0,0.0375,0.0,0.0,211.0,202.0,200.0,206.0,200.0,199.0,201.0,202.0,207.0,196.0
3408,2018-06-25T14:40:00,200.0,7.6474997997283936,93.57377049180327,29.0,0.0375,0.0,0.0,202.0,211.0,202.0,200.0,206.0,200.0,199.0,201.0,202.0,195.0
3409,2018-06-25T14:45:00,204.0,6.198499858379364,95.24742268041236,18.0,0.0375,0.0,0.0,200.0,202.0,211.0,202.0,200.0,206.0,200.0,199.0,201.0,202.0
3410,2018-06-25T14:50:00,196.0,13.363000094890593,97.50537634408602,173.0,0.0375,0.0,0.0,204.0,200.0,202.0,211.0,202.0,200.0,206.0,200.0,199.0,194.0
3411,2018-06-25T14:55:00,195.0,5.232499837875366,97.48,0.0,0.0375,0.0,0.0,196.0,204.0,200.0,202.0,211.0,202.0,200.0,206.0,200.0,195.0
3412,2018-06-25T15:00:00,202.0,11.028499841690063,97.41803278688523,40.0,0.0375,0.0,0.0,195.0,196.0,204.0,200.0,202.0,211.0,202.0,200.0,206.0,216.0
3413,2018-06-25T15:05:00,194.0,11.833499908447266,102.13333333333334,15.0,0.0375,0.0,0.0,202.0,195.0,196.0,204.0,200.0,202.0,211.0,202.0,200.0,209.0
3414,2018-06-25T15:10:00,195.0,9.498999834060672,99.42372881355932,22.0,0.0375,5.0,4.0,194.0,202.0,195.0,196.0,204.0,200.0,202.0,211.0,202.0,220.0
3415,2018-06-25T15:15:00,216.0,9.82099986076355,101.05785123966942,16.0,0.0375,0.0,0.0,195.0,194.0,202.0,195.0,196.0,204.0,200.0,202.0,211.0,261.0
3416,2018-06-25T15:20:00,209.0,6.117999911308289,96.96153846153848,4.0,0.0375,0.0,0.0,216.0,195.0,194.0,202.0,195.0,196.0,204.0,200.0,202.0,259.0
3417,2018-06-25T15:25:00,220.0,5.071499943733215,97.01538461538462,0.0,0.0375,0.0,0.0,209.0,216.0,195.0,194.0,202.0,195.0,196.0,204.0,200.0,255.0
3418,2018-06-25T15:30:00,261.0,6.520499885082246,94.6910569105691,16.0,0.0375,0.0,0.0,220.0,209.0,216.0,195.0,194.0,202.0,195.0,196.0,204.0,303.0
3419,2018-06-25T15:35:00,259.0,4.99099999666214,94.68707482993196,0.0,0.0375,0.0,0.0,261.0,220.0,209.0,216.0,195.0,194.0,202.0,195.0,196.0,279.0
3420,2018-06-25T15:40:00,255.0,8.452499866485596,94.36521739130434,62.0,0.0375,0.0,0.0,259.0,261.0,220.0,209.0,216.0,195.0,194.0,202.0,195.0,289.0
3421,2018-06-25T15:45:00,303.0,8.693999886512756,94.34453781512605,29.0,0.0375,0.0,0.0,255.0,259.0,261.0,220.0,209.0,216.0,195.0,194.0,202.0,326.0
3422,2018-06-25T15:50:00,279.0,6.198499858379364,95.025,7.0,0.0375,0.0,0.0,303.0,255.0,259.0,261.0,220.0,209.0,216.0,195.0,194.0,318.0
3423,2018-06-25T15:55:00,289.0,9.98199987411499,95.63025210084034,78.0,0.0375,0.0,0.0,279.0,303.0,255.0,259.0,261.0,220.0,209.0,216.0,195.0,328.0
3424,2018-06-25T16:00:00,326.0,5.071499943733215,92.07438016528926,0.0,0.0375,0.0,0.0,289.0,279.0,303.0,255.0,259.0,261.0,220.0,209.0,216.0,325.0
3425,2018-06-25T16:05:00,318.0,4.588500022888184,87.43859649122807,0.0,0.0375,0.7,0.0,326.0,289.0,279.0,303.0,255.0,259.0,261.0,220.0,209.0,331.0
3426,2018-06-25T16:10:00,328.0,4.347000062465668,88.69565217391305,0.0,0.0375,0.0,0.0,318.0,326.0,289.0,279.0,303.0,255.0,259.0,261.0,220.0,324.0
3427,2018-06-25T16:15:00,325.0,4.347000062465668,90.10169491525424,0.0,0.0375,0.0,0.0,328.0,318.0,326.0,289.0,279.0,303.0,255.0,259.0,261.0,301.0
3428,2018-06-25T16:20:00,331.0,4.427500009536743,92.22689075630252,0.0,0.0375,0.0,0.0,325.0,328.0,318.0,326.0,289.0,279.0,303.0,255.0,259.0,305.0
3429,2018-06-25T16:25:00,324.0,4.508000075817108,92.34146341463416,0.0,0.0375,0.0,0.0,331.0,325.0,328.0,318.0,326.0,289.0,279.0,303.0,255.0,294.0
3430,2018-06-25T16:30:00,301.0,4.830000102519989,92.9375,0.0,0.0375,0.0,0.0,324.0,331.0,325.0,328.0,318.0,326.0,289.0,279.0,303.0,269.0
3431,2018-06-25T16:35:00,305.0,4.025000035762787,93.28813559322032,0.0,0.0375,0.0,0.0,301.0,324.0,331.0,325.0,328.0,318.0,326.0,289.0,279.0,271.0
3432,2018-06-25T16:40:00,294.0,4.186000049114227,96.22834645669292,0.0,0.0375,0.0,0.0,305.0,301.0,324.0,331.0,325.0,328.0,318.0,326.0,289.0,260.0
3433,2018-06-25T16:45:00,269.0,4.9105000495910645,99.64444444444445,0.0,0.0375,0.0,0.0,294.0,305.0,301.0,324.0,331.0,325.0,328.0,318.0,326.0,235.0
3434,2018-06-25T16:50:00,271.0,4.186000049114227,98.34108527131782,0.0,0.0375,0.0,0.0,269.0,294.0,305.0,301.0,324.0,331.0,325.0,328.0,318.0,231.0
3435,2018-06-25T16:55:00,260.0,4.347000062465668,96.31851851851852,0.0,0.0375,0.0,0.0,271.0,269.0,294.0,305.0,301.0,324.0,331.0,325.0,328.0,225.0
3436,2018-06-25T17:00:00,235.0,4.186000049114227,95.45255474452554,0.0,0.0916666666666666,0.0,0.0,260.0,271.0,269.0,294.0,305.0,301.0,324.0,331.0,325.0,209.0
3437,2018-06-25T17:05:00,231.0,4.347000062465668,92.27642276422765,0.0,0.0916666666666666,0.0,0.0,235.0,260.0,271.0,269.0,294.0,305.0,301.0,324.0,331.0,218.0
3438,2018-06-25T17:10:00,225.0,4.508000075817108,89.45299145299145,0.0,0.0916666666666666,0.0,0.0,231.0,235.0,260.0,271.0,269.0,294.0,305.0,301.0,324.0,212.0
3439,2018-06-25T17:15:00,209.0,4.186000049114227,89.14049586776859,0.0,0.0916666666666666,0.0,0.0,225.0,231.0,235.0,260.0,271.0,269.0,294.0,305.0,301.0,191.0
3440,2018-06-25T17:20:00,218.0,4.025000035762787,88.47967479674797,0.0,0.0916666666666666,0.0,0.0,209.0,225.0,231.0,235.0,260.0,271.0,269.0,294.0,305.0,198.0
3441,2018-06-25T17:25:00,212.0,4.025000035762787,87.64285714285714,0.0,0.0916666666666666,0.0,0.0,218.0,209.0,225.0,231.0,235.0,260.0,271.0,269.0,294.0,189.0
3442,2018-06-25T17:30:00,191.0,4.186000049114227,86.56451612903226,0.0,0.0916666666666666,0.0,0.0,212.0,218.0,209.0,225.0,231.0,235.0,260.0,271.0,269.0,172.0
3443,2018-06-25T17:35:00,198.0,4.025000035762787,84.34166666666667,0.0,0.0916666666666666,0.0,0.0,191.0,212.0,218.0,209.0,225.0,231.0,235.0,260.0,271.0,179.0
3444,2018-06-25T17:40:00,189.0,4.025000035762787,82.29411764705883,0.0,0.0916666666666666,0.0,0.0,198.0,191.0,212.0,218.0,209.0,225.0,231.0,235.0,260.0,174.0
3445,2018-06-25T17:45:00,172.0,4.025000035762787,79.9349593495935,0.0,0.0916666666666666,0.0,0.0,189.0,198.0,191.0,212.0,218.0,209.0,225.0,231.0,235.0,156.0
3446,2018-06-25T17:50:00,179.0,4.025000035762787,78.29323308270676,0.0,0.0916666666666666,0.0,0.0,172.0,189.0,198.0,191.0,212.0,218.0,209.0,225.0,231.0,167.0
3447,2018-06-25T17:55:00,174.0,4.025000035762787,78.288,0.0,0.0916666666666666,0.0,0.0,179.0,172.0,189.0,198.0,191.0,212.0,218.0,209.0,225.0,166.0
3448,2018-06-25T18:00:00,156.0,4.105500042438507,79.83076923076923,0.0,0.0916666666666666,0.0,0.0,174.0,179.0,172.0,189.0,198.0,191.0,212.0,218.0,209.0,152.0
3449,2018-06-25T18:05:00,167.0,7.083999931812286,91.91129032258064,15.0,0.0916666666666666,0.0,0.0,156.0,174.0,179.0,172.0,189.0,198.0,191.0,212.0,218.0,154.0
3450,2018-06-25T18:10:00,166.0,4.508000075817108,85.85585585585585,0.0,0.0916666666666666,0.0,0.0,167.0,156.0,174.0,179.0,172.0,189.0,198.0,191.0,212.0,150.0
3451,2018-06-25T18:15:00,152.0,4.186000049114227,79.10526315789474,0.0,0.0916666666666666,0.0,0.0,166.0,167.0,156.0,174.0,179.0,172.0,189.0,198.0,191.0,146.0
3452,2018-06-25T18:20:00,154.0,5.554499983787537,79.71186440677967,16.0,0.0916666666666666,0.0,0.0,152.0,166.0,167.0,156.0,174.0,179.0,172.0,189.0,198.0,155.0
3453,2018-06-25T18:25:00,150.0,4.025000035762787,81.63636363636364,0.0,0.0916666666666666,0.0,0.0,154.0,152.0,166.0,167.0,156.0,174.0,179.0,172.0,189.0,161.0
3454,2018-06-25T18:30:00,146.0,4.588500082492828,86.8655462184874,0.0,0.0916666666666666,0.0,0.0,150.0,154.0,152.0,166.0,167.0,156.0,174.0,179.0,172.0,175.0
3455,2018-06-25T18:35:00,155.0,4.669000089168549,89.7280701754386,0.0,0.0916666666666666,0.0,0.0,146.0,150.0,154.0,152.0,166.0,167.0,156.0,174.0,179.0,181.0
3456,2018-06-25T18:40:00,161.0,4.9105000495910645,89.87826086956522,0.0,0.0916666666666666,0.0,0.0,155.0,146.0,150.0,154.0,152.0,166.0,167.0,156.0,174.0,192.0
3457,2018-06-25T18:45:00,175.0,4.186000049114227,86.42105263157895,0.0,0.0916666666666666,0.0,0.0,161.0,155.0,146.0,150.0,154.0,152.0,166.0,167.0,156.0,199.0
3458,2018-06-25T18:50:00,181.0,4.025000035762787,84.05263157894737,0.0,0.0916666666666666,0.0,0.0,175.0,161.0,155.0,146.0,150.0,154.0,152.0,166.0,167.0,213.0
3459,2018-06-25T18:55:00,192.0,4.105500042438507,82.77685950413223,0.0,0.0916666666666666,2.5,2.5,181.0,175.0,161.0,155.0,146.0,150.0,154.0,152.0,166.0,218.0
3460,2018-06-25T19:00:00,199.0,4.025000035762787,83.21367521367522,0.0,0.075,0.0,0.0,192.0,181.0,175.0,161.0,155.0,146.0,150.0,154.0,152.0,217.0
3461,2018-06-25T19:05:00,213.0,7.244999945163727,82.03418803418803,16.0,0.075,0.0,0.0,199.0,192.0,181.0,175.0,161.0,155.0,146.0,150.0,154.0,213.0
3462,2018-06-25T19:10:00,218.0,7.486499786376953,89.44036697247707,27.0,0.075,0.0,0.0,213.0,199.0,192.0,181.0,175.0,161.0,155.0,146.0,150.0,203.0
3463,2018-06-25T19:15:00,217.0,11.350499868392944,87.8252427184466,133.0,0.075,0.0,0.0,218.0,213.0,199.0,192.0,181.0,175.0,161.0,155.0,146.0,147.0
3464,2018-06-25T19:20:00,213.0,10.867499828338625,89.42727272727272,112.0,0.075,0.0,0.0,217.0,218.0,213.0,199.0,192.0,181.0,175.0,161.0,155.0,155.0
3465,2018-06-25T19:25:00,203.0,12.155499935150146,107.97142857142858,96.0,0.075,0.0,0.0,213.0,217.0,218.0,213.0,199.0,192.0,181.0,175.0,161.0,144.0
3466,2018-06-25T19:30:00,147.0,11.511500120162964,107.69291338582676,19.0,0.075,0.0,0.0,203.0,213.0,217.0,218.0,213.0,199.0,192.0,181.0,175.0,106.0
3467,2018-06-25T19:35:00,155.0,13.926500082015986,110.11965811965813,41.0,0.075,0.0,0.0,147.0,203.0,213.0,217.0,218.0,213.0,199.0,192.0,181.0,133.0
3468,2018-06-25T19:40:00,144.0,9.015999972820282,101.88571428571429,0.0,0.075,0.0,0.0,155.0,147.0,203.0,213.0,217.0,218.0,213.0,199.0,192.0,124.0
3469,2018-06-25T19:45:00,106.0,8.291499853134155,92.29770992366412,54.0,0.075,0.0,0.0,144.0,155.0,147.0,203.0,213.0,217.0,218.0,213.0,199.0,73.0
3470,2018-06-25T19:50:00,133.0,5.151999890804291,90.89922480620154,0.0,0.075,0.0,0.0,106.0,144.0,155.0,147.0,203.0,213.0,217.0,218.0,213.0,105.0
3471,2018-06-25T19:55:00,124.0,4.668999969959259,92.77777777777776,0.0,0.075,0.0,0.0,133.0,106.0,144.0,155.0,147.0,203.0,213.0,217.0,218.0,97.0
3472,2018-06-25T20:00:00,73.0,4.025000035762787,92.71880711880708,0.0,0.075,0.0,0.0,124.0,133.0,106.0,144.0,155.0,147.0,203.0,213.0,217.0,70.0
3473,2018-06-25T20:05:00,105.0,4.025000035762787,92.65983645983644,0.0,0.075,0.0,0.0,73.0,124.0,133.0,106.0,144.0,155.0,147.0,203.0,213.0,85.0
3474,2018-06-25T20:10:00,97.0,4.025000035762787,92.60086580086578,0.0,0.075,0.0,0.0,105.0,73.0,124.0,133.0,106.0,144.0,155.0,147.0,203.0,86.0
3475,2018-06-25T20:15:00,70.0,4.025000035762787,92.54189514189513,0.0,0.075,0.0,0.0,97.0,105.0,73.0,124.0,133.0,106.0,144.0,155.0,147.0,90.0
3476,2018-06-25T20:20:00,85.0,4.025000035762787,92.48292448292446,0.0,0.075,0.0,0.0,70.0,97.0,105.0,73.0,124.0,133.0,106.0,144.0,155.0,109.0
3477,2018-06-25T20:25:00,86.0,4.025000035762787,92.4239538239538,0.0,0.075,0.0,0.0,85.0,70.0,97.0,105.0,73.0,124.0,133.0,106.0,144.0,113.0
3478,2018-06-25T20:30:00,90.0,4.025000035762787,92.36498316498314,0.0,0.075,0.0,0.0,86.0,85.0,70.0,97.0,105.0,73.0,124.0,133.0,106.0,97.0
3479,2018-06-25T20:35:00,109.0,4.025000035762787,92.3060125060125,0.0,0.075,0.0,0.0,90.0,86.0,85.0,70.0,97.0,105.0,73.0,124.0,133.0,105.0
3480,2018-06-25T20:40:00,113.0,4.025000035762787,92.24704184704184,0.0,0.075,0.0,0.0,109.0,90.0,86.0,85.0,70.0,97.0,105.0,73.0,124.0,99.0
3481,2018-06-25T20:45:00,97.0,4.025000035762787,92.18807118807118,0.0,0.075,0.0,0.0,113.0,109.0,90.0,86.0,85.0,70.0,97.0,105.0,73.0,63.0
3482,2018-06-25T20:50:00,105.0,4.025000035762787,92.12910052910053,0.0,0.075,0.0,0.0,97.0,113.0,109.0,90.0,86.0,85.0,70.0,97.0,105.0,85.0
3483,2018-06-25T20:55:00,99.0,4.025000035762787,92.07012987012985,0.0,0.075,0.0,0.0,105.0,97.0,113.0,109.0,90.0,86.0,85.0,70.0,97.0,78.0
3484,2018-06-25T21:00:00,63.0,4.025000035762787,92.0111592111592,0.0,0.0583333333333333,0.0,0.0,99.0,105.0,97.0,113.0,109.0,90.0,86.0,85.0,70.0,71.0
3485,2018-06-25T21:05:00,85.0,4.025000035762787,91.95218855218852,0.0,0.0583333333333333,0.0,0.0,63.0,99.0,105.0,97.0,113.0,109.0,90.0,86.0,85.0,84.0
3486,2018-06-25T21:10:00,78.0,4.025000035762787,91.89321789321788,0.0,0.0583333333333333,0.0,0.0,85.0,63.0,99.0,105.0,97.0,113.0,109.0,90.0,86.0,94.0
3487,2018-06-25T21:15:00,71.0,4.025000035762787,91.8342472342472,0.0,0.0,0.0,0.0,78.0,85.0,63.0,99.0,105.0,97.0,113.0,109.0,90.0,81.0
3488,2018-06-25T21:20:00,84.0,4.025000035762787,91.77527657527656,0.0,0.0,0.0,0.0,71.0,78.0,85.0,63.0,99.0,105.0,97.0,113.0,109.0,128.0
3489,2018-06-25T21:25:00,94.0,4.025000035762787,91.7163059163059,0.0,0.0,0.0,0.0,84.0,71.0,78.0,85.0,63.0,99.0,105.0,97.0,113.0,171.0
3490,2018-06-25T21:30:00,81.0,4.025000035762787,91.65733525733523,0.0,0.0,0.0,0.0,94.0,84.0,71.0,78.0,85.0,63.0,99.0,105.0,97.0,214.0
3491,2018-06-25T21:35:00,128.0,4.025000035762787,91.59836459836458,0.0,0.0,0.0,0.0,81.0,94.0,84.0,71.0,78.0,85.0,63.0,99.0,105.0,225.33333333333331
3492,2018-06-25T21:40:00,171.0,4.025000035762787,91.53939393939392,0.0,0.0,0.0,0.0,128.0,81.0,94.0,84.0,71.0,78.0,85.0,63.0,99.0,236.66666666666663
3493,2018-06-25T21:45:00,214.0,4.025000035762787,91.48042328042328,0.0,0.0,0.0,0.0,171.0,128.0,81.0,94.0,84.0,71.0,78.0,85.0,63.0,248.0
3494,2018-06-25T21:50:00,225.33333333333331,4.025000035762787,91.4214526214526,0.0,0.0,0.0,0.0,214.0,171.0,128.0,81.0,94.0,84.0,71.0,78.0,85.0,257.3333333333333
3495,2018-06-25T21:55:00,236.66666666666663,4.025000035762787,91.36248196248197,0.0,0.0,0.0,0.0,225.33333333333331,214.0,171.0,128.0,81.0,94.0,84.0,71.0,78.0,266.6666666666667
3496,2018-06-25T22:00:00,248.0,4.025000035762787,91.30351130351129,0.0,0.0,0.0,0.0,236.66666666666663,225.33333333333331,214.0,171.0,128.0,81.0,94.0,84.0,71.0,276.0
3497,2018-06-25T22:05:00,257.3333333333333,4.025000035762787,91.24454064454063,0.0,0.0,0.0,0.0,248.0,236.66666666666663,225.33333333333331,214.0,171.0,128.0,81.0,94.0,84.0,275.6666666666667
3498,2018-06-25T22:10:00,266.6666666666667,4.025000035762787,91.18556998556996,0.0,0.0,0.0,0.0,257.3333333333333,248.0,236.66666666666663,225.33333333333331,214.0,171.0,128.0,81.0,94.0,275.3333333333333
3499,2018-06-25T22:15:00,276.0,4.025000035762787,91.12659932659932,0.0,0.0,0.0,0.0,266.6666666666667,257.3333333333333,248.0,236.66666666666663,225.33333333333331,214.0,171.0,128.0,81.0,275.0
3500,2018-06-25T22:20:00,275.6666666666667,4.025000035762787,91.06762866762864,0.0,0.0583333333333333,2.0,0.0,276.0,266.6666666666667,257.3333333333333,248.0,236.66666666666663,225.33333333333331,214.0,171.0,128.0,275.3333333333333
3501,2018-06-25T22:25:00,275.3333333333333,4.025000035762787,91.008658008658,0.0,0.0583333333333333,0.0,0.0,275.6666666666667,276.0,266.6666666666667,257.3333333333333,248.0,236.66666666666663,225.33333333333331,214.0,171.0,275.6666666666667
3502,2018-06-25T22:30:00,275.0,4.025000035762787,90.94968734968734,0.0,0.0583333333333333,0.0,0.0,275.3333333333333,275.6666666666667,276.0,266.6666666666667,257.3333333333333,248.0,236.66666666666663,225.33333333333331,214.0,276.0
3503,2018-06-25T22:35:00,275.3333333333333,4.025000035762787,90.89071669071669,0.0,0.0583333333333333,0.0,0.0,275.0,275.3333333333333,275.6666666666667,276.0,266.6666666666667,257.3333333333333,248.0,236.66666666666663,225.33333333333331,279.6666666666667
3504,2018-06-25T22:40:00,275.6666666666667,4.025000035762787,90.83174603174602,0.0,0.0583333333333333,0.0,0.0,275.3333333333333,275.0,275.3333333333333,275.6666666666667,276.0,266.6666666666667,257.3333333333333,248.0,236.66666666666663,283.3333333333333
3505,2018-06-25T22:45:00,276.0,4.025000035762787,90.77277537277536,0.0,0.0583333333333333,0.0,0.0,275.6666666666667,275.3333333333333,275.0,275.3333333333333,275.6666666666667,276.0,266.6666666666667,257.3333333333333,248.0,287.0
3506,2018-06-25T22:50:00,279.6666666666667,4.025000035762787,90.7138047138047,0.0,0.0583333333333333,0.0,0.0,276.0,275.6666666666667,275.3333333333333,275.0,275.3333333333333,275.6666666666667,276.0,266.6666666666667,257.3333333333333,290.3333333333333
3507,2018-06-25T22:55:00,283.3333333333333,4.025000035762787,90.65483405483404,0.0,0.0583333333333333,0.0,0.0,279.6666666666667,276.0,275.6666666666667,275.3333333333333,275.0,275.3333333333333,275.6666666666667,276.0,266.6666666666667,293.6666666666667
3508,2018-06-25T23:00:00,287.0,4.025000035762787,90.5958633958634,0.0,0.0583333333333333,0.0,0.0,283.3333333333333,279.6666666666667,276.0,275.6666666666667,275.3333333333333,275.0,275.3333333333333,275.6666666666667,276.0,297.0
3509,2018-06-25T23:05:00,290.3333333333333,4.025000035762787,90.53689273689272,0.0,0.0583333333333333,0.0,0.0,287.0,283.3333333333333,279.6666666666667,276.0,275.6666666666667,275.3333333333333,275.0,275.3333333333333,275.6666666666667,296.3333333333333
3510,2018-06-25T23:10:00,293.6666666666667,4.025000035762787,90.47792207792207,0.0,0.0583333333333333,0.0,0.0,290.3333333333333,287.0,283.3333333333333,279.6666666666667,276.0,275.6666666666667,275.3333333333333,275.0,275.3333333333333,295.6666666666667
3511,2018-06-25T23:15:00,297.0,4.025000035762787,90.4189514189514,0.0,0.0583333333333333,0.0,0.0,293.6666666666667,290.3333333333333,287.0,283.3333333333333,279.6666666666667,276.0,275.6666666666667,275.3333333333333,275.0,295.0
3512,2018-06-25T23:20:00,296.3333333333333,4.025000035762787,90.35998075998076,0.0,0.0583333333333333,0.0,0.0,297.0,293.6666666666667,290.3333333333333,287.0,283.3333333333333,279.6666666666667,276.0,275.6666666666667,275.3333333333333,295.0
3513,2018-06-25T23:25:00,295.6666666666667,4.025000035762787,90.30101010101008,0.0,0.0583333333333333,0.0,0.0,296.3333333333333,297.0,293.6666666666667,290.3333333333333,287.0,283.3333333333333,279.6666666666667,276.0,275.6666666666667,295.0
3514,2018-06-25T23:30:00,295.0,4.025000035762787,90.24203944203944,0.0,0.0583333333333333,0.0,0.0,295.6666666666667,296.3333333333333,297.0,293.6666666666667,290.3333333333333,287.0,283.3333333333333,279.6666666666667,276.0,295.0
3515,2018-06-25T23:35:00,295.0,4.025000035762787,90.18306878306878,0.0,0.0583333333333333,0.0,0.0,295.0,295.6666666666667,296.3333333333333,297.0,293.6666666666667,290.3333333333333,287.0,283.3333333333333,279.6666666666667,290.6666666666667
3516,2018-06-25T23:40:00,295.0,4.025000035762787,90.12409812409813,0.0,0.0583333333333333,0.0,0.0,295.0,295.0,295.6666666666667,296.3333333333333,297.0,293.6666666666667,290.3333333333333,287.0,283.3333333333333,286.3333333333333
3517,2018-06-25T23:45:00,295.0,4.025000035762787,90.06512746512746,0.0,0.0583333333333333,0.0,0.0,295.0,295.0,295.0,295.6666666666667,296.3333333333333,297.0,293.6666666666667,290.3333333333333,287.0,282.0
3518,2018-06-25T23:50:00,290.6666666666667,4.025000035762787,90.0061568061568,0.0,0.0583333333333333,0.0,0.0,295.0,295.0,295.0,295.0,295.6666666666667,296.3333333333333,297.0,293.6666666666667,290.3333333333333,277.0
3519,2018-06-25T23:55:00,286.3333333333333,4.025000035762787,89.94718614718614,0.0,0.0583333333333333,0.0,0.0,290.6666666666667,295.0,295.0,295.0,295.0,295.6666666666667,296.3333333333333,297.0,293.6666666666667,272.0
3520,2018-06-26T00:00:00,282.0,4.025000035762787,89.88821548821548,0.0,0.0708333333333333,0.0,0.0,286.3333333333333,290.6666666666667,295.0,295.0,295.0,295.0,295.6666666666667,296.3333333333333,297.0,267.0
3521,2018-06-26T00:05:00,277.0,4.025000035762787,89.82924482924483,0.0,0.0708333333333333,0.0,0.0,282.0,286.3333333333333,290.6666666666667,295.0,295.0,295.0,295.0,295.6666666666667,296.3333333333333,263.3333333333333
3522,2018-06-26T00:10:00,272.0,4.025000035762787,89.77027417027416,0.0,0.0708333333333333,0.0,0.0,277.0,282.0,286.3333333333333,290.6666666666667,295.0,295.0,295.0,295.0,295.6666666666667,259.6666666666667
3523,2018-06-26T00:15:00,267.0,4.025000035762787,89.71130351130351,0.0,0.0708333333333333,0.0,0.0,272.0,277.0,282.0,286.3333333333333,290.6666666666667,295.0,295.0,295.0,295.0,256.0
3524,2018-06-26T00:20:00,263.3333333333333,4.025000035762787,89.65233285233285,0.0,0.0708333333333333,0.0,0.0,267.0,272.0,277.0,282.0,286.3333333333333,290.6666666666667,295.0,295.0,295.0,253.66666666666663
3525,2018-06-26T00:25:00,259.6666666666667,4.025000035762787,89.5933621933622,0.0,0.0708333333333333,0.0,0.0,263.3333333333333,267.0,272.0,277.0,282.0,286.3333333333333,290.6666666666667,295.0,295.0,251.33333333333331
3526,2018-06-26T00:30:00,256.0,4.025000035762787,89.53439153439153,0.0,0.0708333333333333,0.0,0.0,259.6666666666667,263.3333333333333,267.0,272.0,277.0,282.0,286.3333333333333,290.6666666666667,295.0,249.0
3527,2018-06-26T00:35:00,253.66666666666663,4.025000035762787,89.47542087542087,0.0,0.0708333333333333,0.0,0.0,256.0,259.6666666666667,263.3333333333333,267.0,272.0,277.0,282.0,286.3333333333333,290.6666666666667,246.0
3528,2018-06-26T00:40:00,251.33333333333331,4.025000035762787,89.41645021645022,0.0,0.0708333333333333,0.0,0.0,253.66666666666663,256.0,259.6666666666667,263.3333333333333,267.0,272.0,277.0,282.0,286.3333333333333,243.0
3529,2018-06-26T00:45:00,249.0,4.025000035762787,89.35747955747955,0.0,0.0708333333333333,0.0,0.0,251.33333333333331,253.66666666666663,256.0,259.6666666666667,263.3333333333333,267.0,272.0,277.0,282.0,240.0
3530,2018-06-26T00:50:00,246.0,4.025000035762787,89.2985088985089,0.0,0.0708333333333333,0.0,0.0,249.0,251.33333333333331,253.66666666666663,256.0,259.6666666666667,263.3333333333333,267.0,272.0,277.0,236.0
3531,2018-06-26T00:55:00,243.0,4.025000035762787,89.23953823953823,0.0,0.0708333333333333,0.0,0.0,246.0,249.0,251.33333333333331,253.66666666666663,256.0,259.6666666666667,263.3333333333333,267.0,272.0,232.0
3532,2018-06-26T01:00:00,240.0,4.025000035762787,89.18056758056758,0.0,0.0708333333333333,0.0,0.0,243.0,246.0,249.0,251.33333333333331,253.66666666666663,256.0,259.6666666666667,263.3333333333333,267.0,228.0
3533,2018-06-26T01:05:00,236.0,4.025000035762787,89.12159692159692,0.0,0.0708333333333333,0.0,0.0,240.0,243.0,246.0,249.0,251.33333333333331,253.66666666666663,256.0,259.6666666666667,263.3333333333333,228.66666666666663
3534,2018-06-26T01:10:00,232.0,4.025000035762787,89.06262626262627,0.0,0.0708333333333333,0.0,0.0,236.0,240.0,243.0,246.0,249.0,251.33333333333331,253.66666666666663,256.0,259.6666666666667,229.33333333333331
3535,2018-06-26T01:15:00,228.0,4.025000035762787,89.0036556036556,0.0,0.0708333333333333,0.0,0.0,232.0,236.0,240.0,243.0,246.0,249.0,251.33333333333331,253.66666666666663,256.0,230.0
3536,2018-06-26T01:20:00,228.66666666666663,4.025000035762787,88.94468494468495,0.0,0.0708333333333333,0.0,0.0,228.0,232.0,236.0,240.0,243.0,246.0,249.0,251.33333333333331,253.66666666666663,202.0
3537,2018-06-26T01:25:00,229.33333333333331,4.347000002861023,88.88571428571429,0.0,0.0708333333333333,0.0,0.0,228.66666666666663,228.0,232.0,236.0,240.0,243.0,246.0,249.0,251.33333333333331,174.0
3538,2018-06-26T01:30:00,230.0,7.969499826431276,95.27027027027027,19.0,0.0708333333333333,0.0,0.0,229.33333333333331,228.66666666666663,228.0,232.0,236.0,240.0,243.0,246.0,249.0,206.0
3539,2018-06-26T01:35:00,202.0,7.486499905586244,92.3963963963964,20.0,0.0708333333333333,0.0,0.0,230.0,229.33333333333331,228.66666666666663,228.0,232.0,236.0,240.0,243.0,246.0,171.0
3540,2018-06-26T01:40:00,174.0,4.025000035762787,67.1,0.0,0.0708333333333333,0.0,0.0,202.0,230.0,229.33333333333331,228.66666666666663,228.0,232.0,236.0,240.0,243.0,165.0
3541,2018-06-26T01:45:00,206.0,4.025000035762787,65.64406779661017,0.0,0.0708333333333333,0.0,0.0,174.0,202.0,230.0,229.33333333333331,228.66666666666663,228.0,232.0,236.0,240.0,179.0
3542,2018-06-26T01:50:00,171.0,4.025000035762787,64.60483870967742,0.0,0.0708333333333333,0.0,0.0,206.0,174.0,202.0,230.0,229.33333333333331,228.66666666666663,228.0,232.0,236.0,158.0
3543,2018-06-26T01:55:00,165.0,4.025000035762787,65.42857142857143,0.0,0.0708333333333333,0.0,0.0,171.0,206.0,174.0,202.0,230.0,229.33333333333331,228.66666666666663,228.0,232.0,156.0
3544,2018-06-26T02:00:00,179.0,4.025000035762787,69.05833333333334,0.0,0.0708333333333333,0.0,0.0,165.0,171.0,206.0,174.0,202.0,230.0,229.33333333333331,228.66666666666663,228.0,163.0
3545,2018-06-26T02:05:00,158.0,4.025000035762787,65.87068965517241,0.0,0.0708333333333333,0.0,0.0,179.0,165.0,171.0,206.0,174.0,202.0,230.0,229.33333333333331,228.66666666666663,151.0
3546,2018-06-26T02:10:00,156.0,4.025000035762787,64.46902654867256,0.0,0.0708333333333333,0.0,0.0,158.0,179.0,165.0,171.0,206.0,174.0,202.0,230.0,229.33333333333331,149.0
3547,2018-06-26T02:15:00,163.0,4.025000035762787,64.4672131147541,0.0,0.0708333333333333,0.0,0.0,156.0,158.0,179.0,165.0,171.0,206.0,174.0,202.0,230.0,154.0
3548,2018-06-26T02:20:00,151.0,4.025000035762787,64.05,0.0,0.0708333333333333,0.0,0.0,163.0,156.0,158.0,179.0,165.0,171.0,206.0,174.0,202.0,143.0
3549,2018-06-26T02:25:00,149.0,4.025000035762787,65.42105263157895,0.0,0.0708333333333333,0.0,0.0,151.0,163.0,156.0,158.0,179.0,165.0,171.0,206.0,174.0,139.0
3550,2018-06-26T02:30:00,154.0,4.105500042438507,66.20338983050847,0.0,0.0708333333333333,0.0,0.0,149.0,151.0,163.0,156.0,158.0,179.0,165.0,171.0,206.0,145.0
3551,2018-06-26T02:35:00,143.0,4.025000035762787,64.51219512195122,0.0,0.0708333333333333,0.0,0.0,154.0,149.0,151.0,163.0,156.0,158.0,179.0,165.0,171.0,137.0
3552,2018-06-26T02:40:00,139.0,4.025000035762787,62.54477611940298,0.0,0.0708333333333333,0.0,0.0,143.0,154.0,149.0,151.0,163.0,156.0,158.0,179.0,165.0,133.0
3553,2018-06-26T02:45:00,145.0,4.025000035762787,67.60833333333333,0.0,0.0708333333333333,0.0,0.0,139.0,143.0,154.0,149.0,151.0,163.0,156.0,158.0,179.0,139.0
3554,2018-06-26T02:50:00,137.0,4.025000035762787,64.09917355371901,0.0,0.0708333333333333,0.0,0.0,145.0,139.0,143.0,154.0,149.0,151.0,163.0,156.0,158.0,126.0
3555,2018-06-26T02:55:00,133.0,4.025000035762787,63.710743801652896,0.0,0.0708333333333333,0.0,0.0,137.0,145.0,139.0,143.0,154.0,149.0,151.0,163.0,156.0,122.0
3556,2018-06-26T03:00:00,139.0,4.025000035762787,64.46825396825396,0.0,0.0541666666666666,0.0,0.0,133.0,137.0,145.0,139.0,143.0,154.0,149.0,151.0,163.0,128.0
3557,2018-06-26T03:05:00,126.0,4.025000035762787,62.4921875,0.0,0.0541666666666666,0.0,0.0,139.0,133.0,137.0,145.0,139.0,143.0,154.0,149.0,151.0,115.0
3558,2018-06-26T03:10:00,122.0,4.025000035762787,65.73949579831933,0.0,0.0541666666666666,0.0,0.0,126.0,139.0,133.0,137.0,145.0,139.0,143.0,154.0,149.0,109.0
3559,2018-06-26T03:15:00,128.0,4.025000035762787,65.464,0.0,0.0541666666666666,0.0,0.0,122.0,126.0,139.0,133.0,137.0,145.0,139.0,143.0,154.0,114.0
3560,2018-06-26T03:20:00,115.0,4.025000035762787,64.94782608695652,0.0,0.0541666666666666,0.0,0.0,128.0,122.0,126.0,139.0,133.0,137.0,145.0,139.0,143.0,105.0
3561,2018-06-26T03:25:00,109.0,4.025000035762787,65.73109243697479,0.0,0.0541666666666666,0.0,0.0,115.0,128.0,122.0,126.0,139.0,133.0,137.0,145.0,139.0,102.0
3562,2018-06-26T03:30:00,114.0,4.025000035762787,67.01724137931035,0.0,0.0541666666666666,0.0,0.0,109.0,115.0,128.0,122.0,126.0,139.0,133.0,137.0,145.0,101.0
3563,2018-06-26T03:35:00,105.0,4.025000035762787,65.1,0.0,0.0541666666666666,0.0,0.0,114.0,109.0,115.0,128.0,122.0,126.0,139.0,133.0,137.0,95.0
3564,2018-06-26T03:40:00,102.0,4.025000035762787,64.05,0.0,0.0541666666666666,0.0,0.0,105.0,114.0,109.0,115.0,128.0,122.0,126.0,139.0,133.0,92.0
3565,2018-06-26T03:45:00,101.0,4.025000035762787,65.28225806451613,0.0,0.0541666666666666,0.0,0.0,102.0,105.0,114.0,109.0,115.0,128.0,122.0,126.0,139.0,89.0
3566,2018-06-26T03:50:00,95.0,4.025000035762787,66.84426229508196,0.0,0.0541666666666666,0.0,0.0,101.0,102.0,105.0,114.0,109.0,115.0,128.0,122.0,126.0,86.0
3567,2018-06-26T03:55:00,92.0,4.025000035762787,65.7094017094017,0.0,0.0541666666666666,0.0,0.0,95.0,101.0,102.0,105.0,114.0,109.0,115.0,128.0,122.0,84.0
3568,2018-06-26T04:00:00,89.0,4.025000035762787,65.62931034482759,0.0,0.0541666666666666,0.0,0.0,92.0,95.0,101.0,102.0,105.0,114.0,109.0,115.0,128.0,82.0
3569,2018-06-26T04:05:00,86.0,4.025000035762787,65.6896551724138,0.0,0.0541666666666666,0.0,0.0,89.0,92.0,95.0,101.0,102.0,105.0,114.0,109.0,115.0,82.0
3570,2018-06-26T04:10:00,84.0,4.025000035762787,65.60550458715596,0.0,0.0541666666666666,0.0,0.0,86.0,89.0,92.0,95.0,101.0,102.0,105.0,114.0,109.0,82.0
3571,2018-06-26T04:15:00,82.0,4.025000035762787,65.8,0.0,0.0541666666666666,0.0,0.0,84.0,86.0,89.0,92.0,95.0,101.0,102.0,105.0,114.0,79.0
3572,2018-06-26T04:20:00,82.0,4.025000035762787,65.88392857142857,0.0,0.0,0.0,0.0,82.0,84.0,86.0,89.0,92.0,95.0,101.0,102.0,105.0,79.0
3573,2018-06-26T04:25:00,82.0,4.025000035762787,68.2992125984252,0.0,0.0,0.0,0.0,82.0,82.0,84.0,86.0,89.0,92.0,95.0,101.0,102.0,76.0
3574,2018-06-26T04:30:00,79.0,4.025000035762787,65.14876033057851,0.0,0.0,0.0,0.0,82.0,82.0,82.0,84.0,86.0,89.0,92.0,95.0,101.0,72.0
3575,2018-06-26T04:35:00,79.0,4.025000035762787,63.35593220338984,0.0,0.0,0.0,0.0,79.0,82.0,82.0,82.0,84.0,86.0,89.0,92.0,95.0,75.0
3576,2018-06-26T04:40:00,76.0,4.025000035762787,63.58474576271186,0.0,0.0,0.0,0.0,79.0,79.0,82.0,82.0,82.0,84.0,86.0,89.0,92.0,72.0
3577,2018-06-26T04:45:00,72.0,4.025000035762787,62.439655172413794,0.0,0.0,0.0,0.0,76.0,79.0,79.0,82.0,82.0,82.0,84.0,86.0,89.0,65.0
3578,2018-06-26T04:50:00,75.0,4.025000035762787,62.30275229357798,0.0,0.0,0.0,0.0,72.0,76.0,79.0,79.0,82.0,82.0,82.0,84.0,86.0,70.0
3579,2018-06-26T04:55:00,72.0,4.025000035762787,64.76612903225806,0.0,0.0,0.0,0.0,75.0,72.0,76.0,79.0,79.0,82.0,82.0,82.0,84.0,70.0
3580,2018-06-26T05:00:00,65.0,4.025000035762787,63.84873949579832,0.0,0.0,0.0,0.0,72.0,75.0,72.0,76.0,79.0,79.0,82.0,82.0,82.0,62.0
3581,2018-06-26T05:05:00,70.0,4.025000035762787,66.19834710743801,0.0,0.0,0.0,0.0,65.0,72.0,75.0,72.0,76.0,79.0,79.0,82.0,82.0,68.0
3582,2018-06-26T05:10:00,70.0,4.025000035762787,71.43333333333334,0.0,0.0,0.0,0.0,70.0,65.0,72.0,75.0,72.0,76.0,79.0,79.0,82.0,68.0
3583,2018-06-26T05:15:00,62.0,4.025000035762787,65.47107438016529,0.0,0.0,0.0,0.0,70.0,70.0,65.0,72.0,75.0,72.0,76.0,79.0,79.0,68.0
3584,2018-06-26T05:20:00,68.0,4.025000035762787,63.653225806451616,0.0,0.0,0.0,0.0,62.0,70.0,70.0,65.0,72.0,75.0,72.0,76.0,79.0,66.0
3585,2018-06-26T05:25:00,68.0,4.025000035762787,70.45161290322581,0.0,0.0,0.0,0.0,68.0,62.0,70.0,70.0,65.0,72.0,75.0,72.0,76.0,68.0
3586,2018-06-26T05:30:00,68.0,4.025000035762787,63.51639344262295,0.0,0.0,0.0,0.0,68.0,68.0,62.0,70.0,70.0,65.0,72.0,75.0,72.0,69.0
3587,2018-06-26T05:35:00,66.0,4.025000035762787,62.389830508474574,0.0,0.0,0.0,0.0,68.0,68.0,68.0,62.0,70.0,70.0,65.0,72.0,75.0,74.0
3588,2018-06-26T05:40:00,68.0,5.474000096321106,69.66666666666667,11.0,0.0,0.0,0.0,66.0,68.0,68.0,68.0,62.0,70.0,70.0,65.0,72.0,80.0
3589,2018-06-26T05:45:00,69.0,4.025000035762787,62.81512605042017,0.0,0.0,0.0,0.0,68.0,66.0,68.0,68.0,68.0,62.0,70.0,70.0,65.0,92.0
3590,2018-06-26T05:50:00,74.0,4.025000035762787,63.05217391304348,0.0,0.0,0.0,0.0,69.0,68.0,66.0,68.0,68.0,68.0,62.0,70.0,70.0,93.0
3591,2018-06-26T05:55:00,80.0,4.025000035762787,65.34677419354838,0.0,0.0,0.0,0.0,74.0,69.0,68.0,66.0,68.0,68.0,68.0,62.0,70.0,100.0
3592,2018-06-26T06:00:00,92.0,4.105500042438507,65.1923076923077,0.0,0.0,0.0,0.0,80.0,74.0,69.0,68.0,66.0,68.0,68.0,68.0,62.0,136.0
3593,2018-06-26T06:05:00,93.0,4.025000035762787,64.18253968253968,0.0,0.0,0.0,0.0,92.0,80.0,74.0,69.0,68.0,66.0,68.0,68.0,68.0,114.0
3594,2018-06-26T06:10:00,100.0,4.427500069141388,69.76724137931035,0.0,0.0,0.0,0.0,93.0,92.0,80.0,74.0,69.0,68.0,66.0,68.0,68.0,127.0
3595,2018-06-26T06:15:00,136.0,4.427500069141388,79.27678571428571,0.0,0.0,0.0,0.0,100.0,93.0,92.0,80.0,74.0,69.0,68.0,66.0,68.0,198.0
3596,2018-06-26T06:20:00,114.0,6.681500017642975,83.0,19.0,0.0416666666666666,1.0,0.0,136.0,100.0,93.0,92.0,80.0,74.0,69.0,68.0,66.0,152.0
3597,2018-06-26T06:25:00,127.0,6.681500017642975,84.15929203539822,12.0,0.0416666666666666,0.0,0.0,114.0,136.0,100.0,93.0,92.0,80.0,74.0,69.0,68.0,173.0
3598,2018-06-26T06:30:00,198.0,9.740499794483185,87.73451327433628,36.0,0.0416666666666666,0.0,0.0,127.0,114.0,136.0,100.0,93.0,92.0,80.0,74.0,69.0,249.0
3599,2018-06-26T06:35:00,152.0,6.600999891757965,91.66371681415929,21.0,0.0416666666666666,0.0,0.0,198.0,127.0,114.0,136.0,100.0,93.0,92.0,80.0,74.0,201.0
3600,2018-06-26T06:40:00,173.0,6.761999845504761,100.87037037037037,11.0,0.0416666666666666,0.0,0.0,152.0,198.0,127.0,114.0,136.0,100.0,93.0,92.0,80.0,207.0
3601,2018-06-26T06:45:00,249.0,9.337999820709229,96.71212121212122,35.0,0.0416666666666666,0.0,0.0,173.0,152.0,198.0,127.0,114.0,136.0,100.0,93.0,92.0,269.0
3602,2018-06-26T06:50:00,201.0,4.588500022888184,86.14615384615385,0.0,0.0416666666666666,0.0,0.0,249.0,173.0,152.0,198.0,127.0,114.0,136.0,100.0,93.0,219.0
3603,2018-06-26T06:55:00,207.0,11.672499895095829,90.55172413793105,60.0,0.0416666666666666,0.0,0.0,201.0,249.0,173.0,152.0,198.0,127.0,114.0,136.0,100.0,224.0
3604,2018-06-26T07:00:00,269.0,6.037499845027924,87.8157894736842,7.0,0.0416666666666666,0.0,0.0,207.0,201.0,249.0,173.0,152.0,198.0,127.0,114.0,136.0,280.0
3605,2018-06-26T07:05:00,219.0,4.186000049114227,76.69166666666666,0.0,0.0416666666666666,0.0,0.0,269.0,207.0,201.0,249.0,173.0,152.0,198.0,127.0,114.0,235.0
3606,2018-06-26T07:10:00,224.0,4.025000035762787,71.43243243243244,0.0,0.0416666666666666,0.0,0.0,219.0,269.0,207.0,201.0,249.0,173.0,152.0,198.0,127.0,238.0
3607,2018-06-26T07:15:00,280.0,4.105500042438507,69.9504132231405,0.0,0.0416666666666666,0.0,0.0,224.0,219.0,269.0,207.0,201.0,249.0,173.0,152.0,198.0,283.0
3608,2018-06-26T07:20:00,235.0,4.025000035762787,67.05084745762711,0.0,0.0416666666666666,0.0,0.0,280.0,224.0,219.0,269.0,207.0,201.0,249.0,173.0,152.0,246.0
3609,2018-06-26T07:25:00,238.0,4.025000035762787,67.81512605042016,0.0,0.0416666666666666,0.0,0.0,235.0,280.0,224.0,219.0,269.0,207.0,201.0,249.0,173.0,246.0
3610,2018-06-26T07:30:00,283.0,4.105500042438507,70.26086956521739,0.0,0.0416666666666666,0.0,0.0,238.0,235.0,280.0,224.0,219.0,269.0,207.0,201.0,249.0,279.0
3611,2018-06-26T07:35:00,246.0,4.025000035762787,70.0725806451613,0.0,0.0416666666666666,0.0,0.0,283.0,238.0,235.0,280.0,224.0,219.0,269.0,207.0,201.0,234.0
3612,2018-06-26T07:40:00,246.0,4.025000035762787,71.06611570247934,0.0,0.0416666666666666,0.0,0.0,246.0,283.0,238.0,235.0,280.0,224.0,219.0,269.0,207.0,234.0
3613,2018-06-26T07:45:00,279.0,4.025000035762787,67.63492063492063,0.0,0.0416666666666666,0.0,0.0,246.0,246.0,283.0,238.0,235.0,280.0,224.0,219.0,269.0,271.0
3614,2018-06-26T07:50:00,234.0,4.025000035762787,66.81967213114754,0.0,0.0416666666666666,0.0,0.0,279.0,246.0,246.0,283.0,238.0,235.0,280.0,224.0,219.0,232.0
3615,2018-06-26T07:55:00,234.0,4.105500042438507,67.39830508474576,0.0,0.0416666666666666,0.0,0.0,234.0,279.0,246.0,246.0,283.0,238.0,235.0,280.0,224.0,230.0
3616,2018-06-26T08:00:00,271.0,4.025000035762787,65.2991452991453,0.0,0.0416666666666666,0.0,0.0,234.0,234.0,279.0,246.0,246.0,283.0,238.0,235.0,280.0,257.0
3617,2018-06-26T08:05:00,232.0,4.025000035762787,63.29508196721312,0.0,0.0416666666666666,0.0,0.0,271.0,234.0,234.0,279.0,246.0,246.0,283.0,238.0,235.0,227.0
3618,2018-06-26T08:10:00,230.0,4.025000035762787,61.5,0.0,0.0416666666666666,0.0,0.0,232.0,271.0,234.0,234.0,279.0,246.0,246.0,283.0,238.0,225.0
3619,2018-06-26T08:15:00,257.0,4.025000035762787,60.78813559322034,0.0,0.0416666666666666,0.0,0.0,230.0,232.0,271.0,234.0,234.0,279.0,246.0,246.0,283.0,252.0
3620,2018-06-26T08:20:00,227.0,4.025000035762787,61.50427350427351,0.0,0.0416666666666666,0.0,0.0,257.0,230.0,232.0,271.0,234.0,234.0,279.0,246.0,246.0,221.0
3621,2018-06-26T08:25:00,225.0,4.025000035762787,60.54128440366973,0.0,0.0416666666666666,0.0,0.0,227.0,257.0,230.0,232.0,271.0,234.0,234.0,279.0,246.0,220.0
3622,2018-06-26T08:30:00,252.0,4.025000035762787,61.75862068965517,0.0,0.0416666666666666,0.0,0.0,225.0,227.0,257.0,230.0,232.0,271.0,234.0,234.0,279.0,258.0
3623,2018-06-26T08:35:00,221.0,4.025000035762787,61.392857142857146,0.0,0.0416666666666666,0.0,0.0,252.0,225.0,227.0,257.0,230.0,232.0,271.0,234.0,234.0,225.0
3624,2018-06-26T08:40:00,220.0,5.071500062942505,64.90082644628099,4.0,0.0416666666666666,0.0,0.0,221.0,252.0,225.0,227.0,257.0,230.0,232.0,271.0,234.0,221.0
3625,2018-06-26T08:45:00,258.0,4.105500042438507,70.38461538461539,0.0,0.0416666666666666,0.0,0.0,220.0,221.0,252.0,225.0,227.0,257.0,230.0,232.0,271.0,251.0
3626,2018-06-26T08:50:00,225.0,4.025000035762787,66.81896551724138,0.0,0.0416666666666666,0.0,0.0,258.0,220.0,221.0,252.0,225.0,227.0,257.0,230.0,232.0,211.0
3627,2018-06-26T08:55:00,221.0,4.025000035762787,65.23076923076923,0.0,0.0416666666666666,0.0,0.0,225.0,258.0,220.0,221.0,252.0,225.0,227.0,257.0,230.0,204.0
3628,2018-06-26T09:00:00,251.0,6.118000090122223,63.1551724137931,14.0,0.0375,0.0,0.0,221.0,225.0,258.0,220.0,221.0,252.0,225.0,227.0,257.0,233.0
3629,2018-06-26T09:05:00,211.0,6.681500017642975,67.8225806451613,25.0,0.0375,0.0,0.0,251.0,221.0,225.0,258.0,220.0,221.0,252.0,225.0,227.0,199.0
3630,2018-06-26T09:10:00,204.0,4.025000035762787,61.455357142857146,0.0,0.0375,0.0,0.0,211.0,251.0,221.0,225.0,258.0,220.0,221.0,252.0,225.0,196.0
3631,2018-06-26T09:15:00,233.0,4.025000035762787,63.28947368421053,0.0,0.0375,0.0,0.0,204.0,211.0,251.0,221.0,225.0,258.0,220.0,221.0,252.0,227.0
3632,2018-06-26T09:20:00,199.0,4.025000035762787,63.40983606557377,0.0,0.0375,0.0,0.0,233.0,204.0,211.0,251.0,221.0,225.0,258.0,220.0,221.0,193.0
3633,2018-06-26T09:25:00,196.0,4.025000035762787,63.7,0.0,0.0375,0.0,0.0,199.0,233.0,204.0,211.0,251.0,221.0,225.0,258.0,220.0,194.0
3634,2018-06-26T09:30:00,227.0,4.025000035762787,65.06451612903226,0.0,0.0375,0.0,0.0,196.0,199.0,233.0,204.0,211.0,251.0,221.0,225.0,258.0,229.0
3635,2018-06-26T09:35:00,193.0,4.025000035762787,66.28688524590164,0.0,0.0375,0.0,0.0,227.0,196.0,199.0,233.0,204.0,211.0,251.0,221.0,225.0,185.0
3636,2018-06-26T09:40:00,194.0,4.105500042438507,65.91056910569105,0.0,0.0375,0.0,0.0,193.0,227.0,196.0,199.0,233.0,204.0,211.0,251.0,221.0,184.0
3637,2018-06-26T09:45:00,229.0,4.025000035762787,66.31818181818181,0.0,0.0375,0.0,0.0,194.0,193.0,227.0,196.0,199.0,233.0,204.0,211.0,251.0,227.0
3638,2018-06-26T09:50:00,185.0,7.003499925136567,75.92436974789916,31.0,0.0375,0.0,0.0,229.0,194.0,193.0,227.0,196.0,199.0,233.0,204.0,211.0,183.0
3639,2018-06-26T09:55:00,184.0,6.842500030994415,82.96428571428571,18.0,0.0375,0.0,0.0,185.0,229.0,194.0,193.0,227.0,196.0,199.0,233.0,204.0,185.0
3640,2018-06-26T10:00:00,227.0,4.347000062465668,79.9,0.0,0.0375,0.0,0.0,184.0,185.0,229.0,194.0,193.0,227.0,196.0,199.0,233.0,225.0
3641,2018-06-26T10:05:00,183.0,4.266500055789948,69.80869565217391,0.0,0.0375,0.0,0.0,227.0,184.0,185.0,229.0,194.0,193.0,227.0,196.0,199.0,182.0
3642,2018-06-26T10:10:00,185.0,5.474000096321106,79.31404958677686,8.0,0.0375,0.0,0.0,183.0,227.0,184.0,185.0,229.0,194.0,193.0,227.0,196.0,176.0
3643,2018-06-26T10:15:00,225.0,12.235999822616575,84.54237288135593,130.0,0.0375,0.0,0.0,185.0,183.0,227.0,184.0,185.0,229.0,194.0,193.0,227.0,220.0
3644,2018-06-26T10:20:00,182.0,12.23599982261658,89.0,102.0,0.0375,0.0,0.0,225.0,185.0,183.0,227.0,184.0,185.0,229.0,194.0,193.0,177.0
3645,2018-06-26T10:25:00,176.0,7.325499892234803,81.14634146341463,38.0,0.0375,0.0,0.0,182.0,225.0,185.0,183.0,227.0,184.0,185.0,229.0,194.0,174.0
3646,2018-06-26T10:30:00,220.0,4.508000016212463,81.37704918032787,0.0,0.0375,0.0,0.0,176.0,182.0,225.0,185.0,183.0,227.0,184.0,185.0,229.0,215.0
3647,2018-06-26T10:35:00,177.0,6.76199996471405,95.2248062015504,15.0,0.0375,0.0,0.0,220.0,176.0,182.0,225.0,185.0,183.0,227.0,184.0,185.0,181.0
3648,2018-06-26T10:40:00,174.0,4.186000049114227,73.24786324786325,0.0,0.0375,0.0,0.0,177.0,220.0,176.0,182.0,225.0,185.0,183.0,227.0,184.0,182.0
3649,2018-06-26T10:45:00,215.0,7.325499773025513,87.62385321100918,0.0,0.0375,0.0,0.0,174.0,177.0,220.0,176.0,182.0,225.0,185.0,183.0,227.0,217.0
3650,2018-06-26T10:50:00,181.0,7.164499938488007,86.37190082644628,26.0,0.0375,0.0,0.0,215.0,174.0,177.0,220.0,176.0,182.0,225.0,185.0,183.0,181.0
3651,2018-06-26T10:55:00,182.0,11.994499921798706,98.3305785123967,21.0,0.0375,0.0,0.0,181.0,215.0,174.0,177.0,220.0,176.0,182.0,225.0,185.0,179.0
3652,2018-06-26T11:00:00,217.0,11.108999967575071,104.58015267175573,51.0,0.0375,0.0,0.0,182.0,181.0,215.0,174.0,177.0,220.0,176.0,182.0,225.0,219.0
3653,2018-06-26T11:05:00,181.0,7.808499813079834,98.94339622641508,29.0,0.0375,0.0,0.0,217.0,182.0,181.0,215.0,174.0,177.0,220.0,176.0,182.0,178.0
3654,2018-06-26T11:10:00,179.0,11.189499855041504,96.0608695652174,71.0,0.0375,0.0,0.0,181.0,217.0,182.0,181.0,215.0,174.0,177.0,220.0,176.0,180.0
3655,2018-06-26T11:15:00,219.0,9.901499927043917,89.43076923076923,97.0,0.0375,0.0,0.0,179.0,181.0,217.0,182.0,181.0,215.0,174.0,177.0,220.0,218.0
3656,2018-06-26T11:20:00,178.0,10.867500066757202,88.6639344262295,141.0,0.0375,0.0,0.0,219.0,179.0,181.0,217.0,182.0,181.0,215.0,174.0,177.0,184.0
3657,2018-06-26T11:25:00,180.0,6.359499990940095,88.6140350877193,0.0,0.0375,0.0,0.0,178.0,219.0,179.0,181.0,217.0,182.0,181.0,215.0,174.0,184.0
3658,2018-06-26T11:30:00,218.0,7.647499799728394,87.13274336283186,34.0,0.0375,0.0,0.0,180.0,178.0,219.0,179.0,181.0,217.0,182.0,181.0,215.0,223.0
3659,2018-06-26T11:35:00,184.0,9.98199999332428,91.32432432432432,91.0,0.0375,0.0,0.0,218.0,180.0,178.0,219.0,179.0,181.0,217.0,182.0,181.0,182.0
3660,2018-06-26T11:40:00,184.0,7.325499892234803,86.20161290322581,34.0,0.0375,0.0,0.0,184.0,218.0,180.0,178.0,219.0,179.0,181.0,217.0,182.0,181.0
3661,2018-06-26T11:45:00,223.0,8.532999753952026,90.47154471544717,17.0,0.0375,0.0,0.0,184.0,184.0,218.0,180.0,178.0,219.0,179.0,181.0,217.0,234.0
3662,2018-06-26T11:50:00,182.0,10.22349989414215,87.3409090909091,86.0,0.0375,0.0,0.0,223.0,184.0,184.0,218.0,180.0,178.0,219.0,179.0,181.0,195.0
3663,2018-06-26T11:55:00,181.0,8.854999780654907,89.83870967741936,47.0,0.0375,0.0,0.0,182.0,223.0,184.0,184.0,218.0,180.0,178.0,219.0,179.0,206.0
3664,2018-06-26T12:00:00,234.0,9.498999834060667,91.1150442477876,66.0,0.0375,0.0,0.0,181.0,182.0,223.0,184.0,184.0,218.0,180.0,178.0,219.0,261.0
3665,2018-06-26T12:05:00,195.0,8.452499806880951,85.67857142857143,29.0,0.0375,0.0,0.0,234.0,181.0,182.0,223.0,184.0,184.0,218.0,180.0,178.0,212.0
3666,2018-06-26T12:10:00,206.0,13.926499903202057,83.45689655172414,215.0,0.0375,0.0,0.0,195.0,234.0,181.0,182.0,223.0,184.0,184.0,218.0,180.0,219.0
3667,2018-06-26T12:15:00,261.0,5.232499897480011,102.2377049180328,0.0,0.0375,0.0,0.0,206.0,195.0,234.0,181.0,182.0,223.0,184.0,184.0,218.0,292.0
3668,2018-06-26T12:20:00,212.0,13.362999856472015,99.92700729927007,164.0,0.0375,0.0,0.0,261.0,206.0,195.0,234.0,181.0,182.0,223.0,184.0,184.0,217.0
3669,2018-06-26T12:25:00,219.0,12.799500048160551,99.51351351351352,163.0,0.0375,0.0,0.0,212.0,261.0,206.0,195.0,234.0,181.0,182.0,223.0,184.0,222.0
3670,2018-06-26T12:30:00,292.0,16.663500249385834,115.30827067669172,80.0,0.0375,0.0,0.0,219.0,212.0,261.0,206.0,195.0,234.0,181.0,182.0,223.0,292.0
3671,2018-06-26T12:35:00,217.0,8.210999846458435,96.0,79.0,0.0375,0.0,0.0,292.0,219.0,212.0,261.0,206.0,195.0,234.0,181.0,182.0,222.0
3672,2018-06-26T12:40:00,222.0,13.20199990272522,94.73170731707316,124.0,0.0375,0.0,0.0,217.0,292.0,219.0,212.0,261.0,206.0,195.0,234.0,181.0,228.0
3673,2018-06-26T12:45:00,292.0,7.808499813079835,90.8859649122807,40.0,0.0375,0.3,0.0,222.0,217.0,292.0,219.0,212.0,261.0,206.0,195.0,234.0,279.0
3674,2018-06-26T12:50:00,222.0,9.418499886989594,89.57894736842105,5.0,0.0375,0.0,0.0,292.0,222.0,217.0,292.0,219.0,212.0,261.0,206.0,195.0,239.0
3675,2018-06-26T12:55:00,228.0,10.706499814987184,94.5925925925926,77.0,0.0375,0.0,0.0,222.0,292.0,222.0,217.0,292.0,219.0,212.0,261.0,206.0,245.0
3676,2018-06-26T13:00:00,279.0,14.328999996185305,114.23529411764706,0.0,0.0375,0.0,0.0,228.0,222.0,292.0,222.0,217.0,292.0,219.0,212.0,261.0,307.0
3677,2018-06-26T13:05:00,239.0,14.81199997663498,97.4102564102564,98.0,0.0375,0.0,0.0,279.0,228.0,222.0,292.0,222.0,217.0,292.0,219.0,212.0,251.0
3678,2018-06-26T13:10:00,245.0,10.384499847888945,86.56818181818181,142.0,0.0375,1.0,0.0,239.0,279.0,228.0,222.0,292.0,222.0,217.0,292.0,219.0,259.0
3679,2018-06-26T13:15:00,307.0,8.854999899864197,87.61475409836065,25.0,0.0375,0.0,0.0,245.0,239.0,279.0,228.0,222.0,292.0,222.0,217.0,292.0,328.0
3680,2018-06-26T13:20:00,251.0,4.105500042438507,82.9304347826087,0.0,0.0375,0.0,0.0,307.0,245.0,239.0,279.0,228.0,222.0,292.0,222.0,217.0,306.5
3681,2018-06-26T13:25:00,259.0,9.015999853610994,88.77570093457943,80.0,0.0375,0.0,0.0,251.0,307.0,245.0,239.0,279.0,228.0,222.0,292.0,222.0,285.0
3682,2018-06-26T13:30:00,328.0,4.910499930381775,87.0234375,0.0,0.0375,0.5,0.0,259.0,251.0,307.0,245.0,239.0,279.0,228.0,222.0,292.0,333.0
3683,2018-06-26T13:35:00,306.5,4.347000062465668,80.10666666666667,0.0,0.0375,0.0,0.0,328.0,259.0,251.0,307.0,245.0,239.0,279.0,228.0,222.0,282.0
3684,2018-06-26T13:40:00,285.0,4.266500055789948,79.92241379310344,0.0,0.0375,0.0,0.0,306.5,328.0,259.0,251.0,307.0,245.0,239.0,279.0,228.0,287.0
3685,2018-06-26T13:45:00,333.0,4.347000062465668,79.36559139784946,0.0,0.0375,0.0,0.0,285.0,306.5,328.0,259.0,251.0,307.0,245.0,239.0,279.0,285.0
3686,2018-06-26T13:50:00,282.0,8.613499939441681,82.74766355140187,36.0,0.0375,0.0,0.0,333.0,285.0,306.5,328.0,259.0,251.0,307.0,245.0,239.0,267.0
3687,2018-06-26T13:55:00,287.0,4.749499917030335,86.344,0.0,0.0375,0.0,0.0,282.0,333.0,285.0,306.5,328.0,259.0,251.0,307.0,245.0,257.0
3688,2018-06-26T14:00:00,285.0,8.29150003194809,86.90825688073394,39.0,0.0375,0.0,0.0,287.0,282.0,333.0,285.0,306.5,328.0,259.0,251.0,307.0,252.0
3689,2018-06-26T14:05:00,267.0,10.22349989414215,86.20560747663552,86.0,0.0375,0.0,0.0,285.0,287.0,282.0,333.0,285.0,306.5,328.0,259.0,251.0,231.0
3690,2018-06-26T14:10:00,257.0,11.028499841690063,81.7752808988764,119.0,0.0375,0.0,0.0,267.0,285.0,287.0,282.0,333.0,285.0,306.5,328.0,259.0,212.0
3691,2018-06-26T14:15:00,252.0,9.74049973487854,90.22429906542057,43.0,0.0375,0.0,0.0,257.0,267.0,285.0,287.0,282.0,333.0,285.0,306.5,328.0,224.0
3692,2018-06-26T14:20:00,231.0,8.049999952316284,93.86065573770492,41.0,0.0375,0.0,0.0,252.0,257.0,267.0,285.0,287.0,282.0,333.0,285.0,306.5,203.0
3693,2018-06-26T14:25:00,212.0,8.532999873161316,92.52127659574468,29.0,0.0375,0.0,0.0,231.0,252.0,257.0,267.0,285.0,287.0,282.0,333.0,285.0,197.0
3694,2018-06-26T14:30:00,224.0,9.82099997997284,97.08641975308642,56.0,0.0375,0.0,0.0,212.0,231.0,252.0,257.0,267.0,285.0,287.0,282.0,333.0,200.0
3695,2018-06-26T14:35:00,203.0,11.511499881744385,94.0,103.0,0.0375,0.0,0.0,224.0,212.0,231.0,252.0,257.0,267.0,285.0,287.0,282.0,183.0
3696,2018-06-26T14:40:00,197.0,14.570500135421751,105.75471698113208,197.0,0.0375,0.0,0.0,203.0,224.0,212.0,231.0,252.0,257.0,267.0,285.0,287.0,176.0
3697,2018-06-26T14:45:00,200.0,20.60800051689148,115.97169811320757,263.0,0.0375,0.0,0.0,197.0,203.0,224.0,212.0,231.0,252.0,257.0,267.0,285.0,174.0
3698,2018-06-26T14:50:00,183.0,10.0625,102.23076923076924,28.0,0.0375,0.0,0.0,200.0,197.0,203.0,224.0,212.0,231.0,252.0,257.0,267.0,166.0
3699,2018-06-26T14:55:00,176.0,11.833499908447266,92.60185185185183,143.0,0.0375,0.0,0.0,183.0,200.0,197.0,203.0,224.0,212.0,231.0,252.0,257.0,158.0
3700,2018-06-26T15:00:00,174.0,9.65999984741211,96.58088235294116,36.0,0.0375,0.0,0.0,176.0,183.0,200.0,197.0,203.0,224.0,212.0,231.0,252.0,172.0
3701,2018-06-26T15:05:00,166.0,6.198499858379364,95.11111111111111,9.0,0.0375,0.0,0.0,174.0,176.0,183.0,200.0,197.0,203.0,224.0,212.0,231.0,143.0
3702,2018-06-26T15:10:00,158.0,11.350499868392944,101.85714285714286,70.0,0.0375,0.0,0.0,166.0,174.0,176.0,183.0,200.0,197.0,203.0,224.0,212.0,135.0
3703,2018-06-26T15:15:00,172.0,11.752999782562256,101.46902654867256,142.0,0.0375,0.0,0.0,158.0,166.0,174.0,176.0,183.0,200.0,197.0,203.0,224.0,178.0
3704,2018-06-26T15:20:00,143.0,6.43999981880188,96.30252100840336,0.0,0.0375,4.0,3.0,172.0,158.0,166.0,174.0,176.0,183.0,200.0,197.0,203.0,132.0
3705,2018-06-26T15:25:00,135.0,5.071499943733215,94.5042735042735,0.0,0.0375,0.0,0.0,143.0,172.0,158.0,166.0,174.0,176.0,183.0,200.0,197.0,139.0
3706,2018-06-26T15:30:00,178.0,5.071499943733215,93.734375,0.0,0.0375,0.0,0.0,135.0,143.0,172.0,158.0,166.0,174.0,176.0,183.0,200.0,230.0
3707,2018-06-26T15:35:00,132.0,4.830000102519989,96.47222222222224,0.0,0.0375,0.0,0.0,178.0,135.0,143.0,172.0,158.0,166.0,174.0,176.0,183.0,161.0
3708,2018-06-26T15:40:00,139.0,6.440000057220459,98.8854961832061,0.0,0.0375,0.0,0.0,132.0,178.0,135.0,143.0,172.0,158.0,166.0,174.0,176.0,173.0
3709,2018-06-26T15:45:00,230.0,9.418499886989594,100.8695652173913,7.0,0.0375,0.0,0.0,139.0,132.0,178.0,135.0,143.0,172.0,158.0,166.0,174.0,241.0
3710,2018-06-26T15:50:00,161.0,4.99099999666214,98.688,0.0,0.0375,0.0,0.0,230.0,139.0,132.0,178.0,135.0,143.0,172.0,158.0,166.0,181.0
3711,2018-06-26T15:55:00,173.0,10.303999900817873,99.38793103448276,96.0,0.0375,0.0,0.0,161.0,230.0,139.0,132.0,178.0,135.0,143.0,172.0,158.0,184.0
3712,2018-06-26T16:00:00,241.0,8.130499839782715,98.89256198347108,35.0,0.0375,0.0,0.0,173.0,161.0,230.0,139.0,132.0,178.0,135.0,143.0,172.0,215.0
3713,2018-06-26T16:05:00,181.0,12.960500001907349,104.21969696969695,107.0,0.0375,0.0,0.0,241.0,173.0,161.0,230.0,139.0,132.0,178.0,135.0,143.0,189.0
3714,2018-06-26T16:10:00,184.0,11.99450010061264,107.53333333333332,32.0,0.0375,0.0,0.0,181.0,241.0,173.0,161.0,230.0,139.0,132.0,178.0,135.0,191.0
3715,2018-06-26T16:15:00,215.0,4.668999969959259,90.99186991869918,0.0,0.0375,0.0,0.0,184.0,181.0,241.0,173.0,161.0,230.0,139.0,132.0,178.0,195.0
3716,2018-06-26T16:20:00,189.0,4.668999969959259,90.07894736842104,0.0,0.0375,0.0,0.0,215.0,184.0,181.0,241.0,173.0,161.0,230.0,139.0,132.0,187.0
3717,2018-06-26T16:25:00,191.0,4.025000035762787,90.07692307692308,0.0,0.0375,0.0,0.0,189.0,215.0,184.0,181.0,241.0,173.0,161.0,230.0,139.0,181.0
3718,2018-06-26T16:30:00,195.0,4.669000089168549,90.13492063492065,0.0,0.0375,0.0,0.0,191.0,189.0,215.0,184.0,181.0,241.0,173.0,161.0,230.0,189.0
3719,2018-06-26T16:35:00,187.0,4.186000049114227,90.28455284552844,0.0,0.0375,0.0,0.0,195.0,191.0,189.0,215.0,184.0,181.0,241.0,173.0,161.0,166.0
3720,2018-06-26T16:40:00,181.0,4.186000049114227,91.35344827586206,0.0,0.0375,0.0,0.0,187.0,195.0,191.0,189.0,215.0,184.0,181.0,241.0,173.0,159.0
3721,2018-06-26T16:45:00,189.0,4.8299999833107,94.84210526315788,0.0,0.0375,0.0,0.0,181.0,187.0,195.0,191.0,189.0,215.0,184.0,181.0,241.0,175.0
3722,2018-06-26T16:50:00,166.0,5.071499943733215,96.49180327868852,0.0,0.0375,0.0,0.0,189.0,181.0,187.0,195.0,191.0,189.0,215.0,184.0,181.0,160.0
3723,2018-06-26T16:55:00,159.0,4.427500009536743,93.6153846153846,0.0,0.0375,0.0,0.0,166.0,189.0,181.0,187.0,195.0,191.0,189.0,215.0,184.0,160.0
3724,2018-06-26T17:00:00,175.0,4.186000049114227,94.15126050420167,0.0,0.0916666666666666,0.0,0.0,159.0,166.0,189.0,181.0,187.0,195.0,191.0,189.0,215.0,168.0
3725,2018-06-26T17:05:00,160.0,4.025000035762787,93.21367521367522,0.0,0.0916666666666666,0.0,0.0,175.0,159.0,166.0,189.0,181.0,187.0,195.0,191.0,189.0,161.0
3726,2018-06-26T17:10:00,160.0,4.186000049114227,90.5,0.0,0.0916666666666666,0.0,0.0,160.0,175.0,159.0,166.0,189.0,181.0,187.0,195.0,191.0,161.0
3727,2018-06-26T17:15:00,168.0,4.025000035762787,91.54098360655738,0.0,0.0916666666666666,0.0,0.0,160.0,160.0,175.0,159.0,166.0,189.0,181.0,187.0,195.0,165.0
3728,2018-06-26T17:20:00,161.0,4.347000062465668,93.19166666666666,0.0,0.0916666666666666,0.0,0.0,168.0,160.0,160.0,175.0,159.0,166.0,189.0,181.0,187.0,159.0
3729,2018-06-26T17:25:00,161.0,4.025000035762787,93.23333333333332,0.0,0.0916666666666666,0.0,0.0,161.0,168.0,160.0,160.0,175.0,159.0,166.0,189.0,181.0,159.0
3730,2018-06-26T17:30:00,165.0,4.186000049114227,95.95419847328245,0.0,0.0916666666666666,0.0,0.0,161.0,161.0,168.0,160.0,160.0,175.0,159.0,166.0,189.0,168.0
3731,2018-06-26T17:35:00,159.0,4.025000035762787,94.18110236220473,0.0,0.0916666666666666,0.0,0.0,165.0,161.0,161.0,168.0,160.0,160.0,175.0,159.0,166.0,157.0
3732,2018-06-26T17:40:00,159.0,4.025000035762787,90.4087591240876,0.0,0.0916666666666666,0.0,0.0,159.0,165.0,161.0,161.0,168.0,160.0,160.0,175.0,159.0,156.0
3733,2018-06-26T17:45:00,168.0,4.427500009536743,91.8125,0.0,0.0916666666666666,0.0,0.0,159.0,159.0,165.0,161.0,161.0,168.0,160.0,160.0,175.0,176.0
3734,2018-06-26T17:50:00,157.0,4.186000049114227,94.1153846153846,0.0,0.0916666666666666,0.0,0.0,168.0,159.0,159.0,165.0,161.0,161.0,168.0,160.0,160.0,154.0
3735,2018-06-26T17:55:00,156.0,4.749500036239624,95.38793103448276,0.0,0.0916666666666666,0.0,0.0,157.0,168.0,159.0,159.0,165.0,161.0,161.0,168.0,160.0,153.0
3736,2018-06-26T18:00:00,176.0,4.588500022888184,92.7578125,0.0,0.0916666666666666,0.0,0.0,156.0,157.0,168.0,159.0,159.0,165.0,161.0,161.0,168.0,174.0
3737,2018-06-26T18:05:00,154.0,5.151999890804291,95.69827586206895,0.0,0.0916666666666666,0.0,0.0,176.0,156.0,157.0,168.0,159.0,159.0,165.0,161.0,161.0,153.0
3738,2018-06-26T18:10:00,153.0,9.498999834060667,96.97142857142858,33.0,0.0916666666666666,0.0,0.0,154.0,176.0,156.0,157.0,168.0,159.0,159.0,165.0,161.0,153.0
3739,2018-06-26T18:15:00,174.0,11.511500120162962,108.21238938053098,10.0,0.0916666666666666,0.0,0.0,153.0,154.0,176.0,156.0,157.0,168.0,159.0,159.0,165.0,185.0
3740,2018-06-26T18:20:00,153.0,13.202000379562376,110.188679245283,18.0,0.0916666666666666,0.0,0.0,174.0,153.0,154.0,176.0,156.0,157.0,168.0,159.0,159.0,152.0
3741,2018-06-26T18:25:00,153.0,13.604500293731688,109.08620689655172,22.0,0.0916666666666666,0.0,0.0,153.0,174.0,153.0,154.0,176.0,156.0,157.0,168.0,159.0,155.0
3742,2018-06-26T18:30:00,185.0,13.60450029373169,109.42342342342344,21.0,0.0916666666666666,0.0,0.0,153.0,153.0,174.0,153.0,154.0,176.0,156.0,157.0,168.0,201.0
3743,2018-06-26T18:35:00,152.0,8.613499999046326,104.56302521008404,26.0,0.0916666666666666,0.0,0.0,185.0,153.0,153.0,174.0,153.0,154.0,176.0,156.0,157.0,158.0
3744,2018-06-26T18:40:00,155.0,7.244999945163727,91.95384615384616,14.0,0.0916666666666666,0.0,0.0,152.0,185.0,153.0,153.0,174.0,153.0,154.0,176.0,156.0,160.0
3745,2018-06-26T18:45:00,201.0,4.9105000495910645,93.23076923076924,0.0,0.0916666666666666,0.0,0.0,155.0,152.0,185.0,153.0,153.0,174.0,153.0,154.0,176.0,192.0
3746,2018-06-26T18:50:00,158.0,13.604499816894531,107.43571428571428,18.0,0.0916666666666666,0.0,0.0,201.0,155.0,152.0,185.0,153.0,153.0,174.0,153.0,154.0,158.0
3747,2018-06-26T18:55:00,160.0,7.486500084400177,90.390625,42.0,0.0916666666666666,0.0,0.0,158.0,201.0,155.0,152.0,185.0,153.0,153.0,174.0,153.0,159.0
3748,2018-06-26T19:00:00,192.0,6.198499917984009,89.12396694214875,15.0,0.075,0.0,0.0,160.0,158.0,201.0,155.0,152.0,185.0,153.0,153.0,174.0,189.0
3749,2018-06-26T19:05:00,158.0,4.588500022888184,85.0703125,0.0,0.075,0.0,0.0,192.0,160.0,158.0,201.0,155.0,152.0,185.0,153.0,153.0,156.0
3750,2018-06-26T19:10:00,159.0,17.871000230312347,95.77,285.0,0.075,0.0,0.0,158.0,192.0,160.0,158.0,201.0,155.0,152.0,185.0,153.0,161.0
3751,2018-06-26T19:15:00,189.0,6.198499858379364,92.832,14.0,0.075,0.0,0.0,159.0,158.0,192.0,160.0,158.0,201.0,155.0,152.0,185.0,187.0
3752,2018-06-26T19:20:00,156.0,10.142999827861786,95.83333333333331,94.0,0.075,0.0,0.0,189.0,159.0,158.0,192.0,160.0,158.0,201.0,155.0,152.0,183.0
3753,2018-06-26T19:25:00,161.0,5.071499943733215,93.625,0.0,0.075,0.0,0.0,156.0,189.0,159.0,158.0,192.0,160.0,158.0,201.0,155.0,179.0
3754,2018-06-26T19:30:00,187.0,12.236000001430511,102.23622047244096,123.0,0.075,0.0,0.0,161.0,156.0,189.0,159.0,158.0,192.0,160.0,158.0,201.0,175.0
3755,2018-06-26T19:35:00,183.0,9.981999933719637,79.05,87.0,0.075,0.0,0.0,187.0,161.0,156.0,189.0,159.0,158.0,192.0,160.0,158.0,170.0
3756,2018-06-26T19:40:00,179.0,16.42199993133545,93.65254237288136,244.0,0.075,0.0,0.0,183.0,187.0,161.0,156.0,189.0,159.0,158.0,192.0,160.0,165.0
3757,2018-06-26T19:45:00,175.0,13.121500015258787,105.75,81.0,0.075,0.0,0.0,179.0,183.0,187.0,161.0,156.0,189.0,159.0,158.0,192.0,160.0
3758,2018-06-26T19:50:00,170.0,11.189499855041504,97.89565217391304,29.0,0.075,0.0,0.0,175.0,179.0,183.0,187.0,161.0,156.0,189.0,159.0,158.0,150.33333333333334
3759,2018-06-26T19:55:00,165.0,10.46499991416931,97.26666666666668,94.0,0.075,0.0,0.0,170.0,175.0,179.0,183.0,187.0,161.0,156.0,189.0,159.0,140.66666666666666
3760,2018-06-26T20:00:00,160.0,5.151999890804291,103.34848484848484,0.0,0.075,0.0,0.0,165.0,170.0,175.0,179.0,183.0,187.0,161.0,156.0,189.0,131.0
3761,2018-06-26T20:05:00,150.33333333333334,7.003500044345856,100.15441176470588,0.0,0.075,0.0,0.0,160.0,165.0,170.0,175.0,179.0,183.0,187.0,161.0,156.0,128.0
3762,2018-06-26T20:10:00,140.66666666666666,8.21099990606308,100.26050420168067,15.0,0.075,0.0,0.0,150.33333333333334,160.0,165.0,170.0,175.0,179.0,183.0,187.0,161.0,125.0
3763,2018-06-26T20:15:00,131.0,7.244999825954437,90.90551181102362,16.0,0.075,0.0,0.0,140.66666666666666,150.33333333333334,160.0,165.0,170.0,175.0,179.0,183.0,187.0,122.0
3764,2018-06-26T20:20:00,128.0,5.071499884128571,88.33333333333333,0.0,0.075,0.0,0.0,131.0,140.66666666666666,150.33333333333334,160.0,165.0,170.0,175.0,179.0,183.0,120.0
3765,2018-06-26T20:25:00,125.0,4.588500082492828,86.21705426356588,0.0,0.075,0.0,0.0,128.0,131.0,140.66666666666666,150.33333333333334,160.0,165.0,170.0,175.0,179.0,118.0
3766,2018-06-26T20:30:00,122.0,5.554499983787537,84.93798449612403,0.0,0.075,0.0,0.0,125.0,128.0,131.0,140.66666666666666,150.33333333333334,160.0,165.0,170.0,175.0,116.0
3767,2018-06-26T20:35:00,120.0,4.910499930381775,88.71666666666667,0.0,0.075,0.0,0.0,122.0,125.0,128.0,131.0,140.66666666666666,150.33333333333334,160.0,165.0,170.0,120.66666666666669
3768,2018-06-26T20:40:00,118.0,4.588499963283539,86.19672131147541,0.0,0.075,0.0,0.0,120.0,122.0,125.0,128.0,131.0,140.66666666666666,150.33333333333334,160.0,165.0,125.33333333333331
3769,2018-06-26T20:45:00,116.0,6.117999911308289,87.04504504504504,17.0,0.075,0.0,0.0,118.0,120.0,122.0,125.0,128.0,131.0,140.66666666666666,150.33333333333334,160.0,130.0
3770,2018-06-26T20:50:00,120.66666666666669,7.486499845981598,90.42857142857144,14.0,0.075,0.0,0.0,116.0,118.0,120.0,122.0,125.0,128.0,131.0,140.66666666666666,150.33333333333334,134.33333333333334
3771,2018-06-26T20:55:00,125.33333333333331,4.266500055789948,82.22834645669292,0.0,0.075,0.0,0.0,120.66666666666669,116.0,118.0,120.0,122.0,125.0,128.0,131.0,140.66666666666666,138.66666666666666
3772,2018-06-26T21:00:00,130.0,4.186000049114227,83.0223880597015,0.0,0.0583333333333333,0.0,0.0,125.33333333333331,120.66666666666669,116.0,118.0,120.0,122.0,125.0,128.0,131.0,143.0
3773,2018-06-26T21:05:00,134.33333333333334,5.474000096321106,82.79032258064517,4.0,0.0583333333333333,0.0,0.0,130.0,125.33333333333331,120.66666666666669,116.0,118.0,120.0,122.0,125.0,128.0,143.66666666666666
3774,2018-06-26T21:10:00,138.66666666666666,4.427500009536743,83.05737704918033,0.0,0.0583333333333333,0.0,0.0,134.33333333333334,130.0,125.33333333333331,120.66666666666669,116.0,118.0,120.0,122.0,125.0,144.33333333333334
3775,2018-06-26T21:15:00,143.0,6.681500017642975,84.80165289256199,9.0,0.0583333333333333,0.0,0.0,138.66666666666666,134.33333333333334,130.0,125.33333333333331,120.66666666666669,116.0,118.0,120.0,122.0,145.0
3776,2018-06-26T21:20:00,143.66666666666666,6.681500017642975,81.41666666666667,8.0,0.0583333333333333,0.0,0.0,143.0,138.66666666666666,134.33333333333334,130.0,125.33333333333331,120.66666666666669,116.0,118.0,120.0,145.0
3777,2018-06-26T21:25:00,144.33333333333334,9.740499794483185,81.22727272727273,24.0,0.0583333333333333,0.0,0.0,143.66666666666666,143.0,138.66666666666666,134.33333333333334,130.0,125.33333333333331,120.66666666666669,116.0,118.0,129.5
3778,2018-06-26T21:30:00,145.0,8.130500018596647,84.02608695652174,76.0,0.0583333333333333,0.0,0.0,144.33333333333334,143.66666666666666,143.0,138.66666666666666,134.33333333333334,130.0,125.33333333333331,120.66666666666669,116.0,114.0
3779,2018-06-26T21:35:00,145.0,9.015999972820282,87.6068376068376,72.0,0.0583333333333333,3.5,3.5,145.0,144.33333333333334,143.66666666666666,143.0,138.66666666666666,134.33333333333334,130.0,125.33333333333331,120.66666666666669,120.33333333333331
3780,2018-06-26T21:40:00,129.5,4.749500095844269,89.0,0.0,0.0583333333333333,0.0,0.0,145.0,145.0,144.33333333333334,143.66666666666666,143.0,138.66666666666666,134.33333333333334,130.0,125.33333333333331,126.66666666666669
3781,2018-06-26T21:45:00,114.0,4.99099999666214,89.82307692307693,0.0,0.0583333333333333,0.0,0.0,129.5,145.0,145.0,144.33333333333334,143.66666666666666,143.0,138.66666666666666,134.33333333333334,130.0,133.0
3782,2018-06-26T21:50:00,120.33333333333331,4.99099999666214,89.17557251908397,0.0,0.0583333333333333,0.0,0.0,114.0,129.5,145.0,145.0,144.33333333333334,143.66666666666666,143.0,138.66666666666666,134.33333333333334,141.0
3783,2018-06-26T21:55:00,126.66666666666669,4.99099999666214,89.89344262295081,0.0,0.0583333333333333,0.0,0.0,120.33333333333331,114.0,129.5,145.0,145.0,144.33333333333334,143.66666666666666,143.0,138.66666666666666,149.0
3784,2018-06-26T22:00:00,133.0,4.99099999666214,95.12056737588652,0.0,0.0583333333333333,0.0,0.0,126.66666666666669,120.33333333333331,114.0,129.5,145.0,145.0,144.33333333333334,143.66666666666666,143.0,157.0
3785,2018-06-26T22:05:00,141.0,11.672499895095823,101.82644628099172,59.0,0.0583333333333333,0.0,0.0,133.0,126.66666666666669,120.33333333333331,114.0,129.5,145.0,145.0,144.33333333333334,143.66666666666666,154.0
3786,2018-06-26T22:10:00,149.0,10.464999914169312,102.28947368421052,52.0,0.0583333333333333,0.0,0.0,141.0,133.0,126.66666666666669,120.33333333333331,114.0,129.5,145.0,145.0,144.33333333333334,151.0
3787,2018-06-26T22:15:00,157.0,7.083999872207642,99.6910569105691,18.0,0.0583333333333333,0.0,0.0,149.0,141.0,133.0,126.66666666666669,120.33333333333331,114.0,129.5,145.0,145.0,148.0
3788,2018-06-26T22:20:00,154.0,9.98199987411499,98.34782608695652,68.0,0.0583333333333333,0.0,0.0,157.0,149.0,141.0,133.0,126.66666666666669,120.33333333333331,114.0,129.5,145.0,143.66666666666666
3789,2018-06-26T22:25:00,151.0,4.105500042438507,101.0,0.0,0.0583333333333333,0.0,0.0,154.0,157.0,149.0,141.0,133.0,126.66666666666669,120.33333333333331,114.0,129.5,139.33333333333334
3790,2018-06-26T22:30:00,148.0,4.025000035762787,91.22508050455374,0.0,0.0583333333333333,0.0,0.0,151.0,154.0,157.0,149.0,141.0,133.0,126.66666666666669,120.33333333333331,114.0,135.0
3791,2018-06-26T22:35:00,143.66666666666666,4.025000035762787,77.90522946584223,0.0,0.0583333333333333,0.0,0.0,148.0,151.0,154.0,157.0,149.0,141.0,133.0,126.66666666666669,120.33333333333331,139.33333333333334
3792,2018-06-26T22:40:00,139.33333333333334,4.105500042438507,78.05882352941177,0.0,0.0583333333333333,0.0,0.0,143.66666666666666,148.0,151.0,154.0,157.0,149.0,141.0,133.0,126.66666666666669,143.66666666666666
3793,2018-06-26T22:45:00,135.0,5.071499943733215,95.0,0.0,0.0583333333333333,0.0,0.0,139.33333333333334,143.66666666666666,148.0,151.0,154.0,157.0,149.0,141.0,133.0,148.0
3794,2018-06-26T22:50:00,139.33333333333334,4.668999969959259,94.78225806451611,0.0,0.0583333333333333,0.0,0.0,135.0,139.33333333333334,143.66666666666666,148.0,151.0,154.0,157.0,149.0,141.0,155.0
3795,2018-06-26T22:55:00,143.66666666666666,4.99099999666214,91.96296296296296,0.0,0.0583333333333333,0.0,0.0,139.33333333333334,135.0,139.33333333333334,143.66666666666666,148.0,151.0,154.0,157.0,149.0,162.0
3796,2018-06-26T23:00:00,148.0,5.151999890804291,89.10483870967742,0.0,0.0583333333333333,0.0,0.0,143.66666666666666,139.33333333333334,135.0,139.33333333333334,143.66666666666666,148.0,151.0,154.0,157.0,169.0
3797,2018-06-26T23:05:00,155.0,4.8299999833107,88.57627118644068,0.0,0.0,0.0,0.0,148.0,143.66666666666666,139.33333333333334,135.0,139.33333333333334,143.66666666666666,148.0,151.0,154.0,171.33333333333334
3798,2018-06-26T23:10:00,162.0,4.508000075817108,87.61344537815125,0.0,0.0,0.0,0.0,155.0,148.0,143.66666666666666,139.33333333333334,135.0,139.33333333333334,143.66666666666666,148.0,151.0,173.66666666666666
3799,2018-06-26T23:15:00,169.0,4.266500055789948,85.82905982905983,0.0,0.0,0.0,0.0,162.0,155.0,148.0,143.66666666666666,139.33333333333334,135.0,139.33333333333334,143.66666666666666,148.0,176.0
3800,2018-06-26T23:20:00,171.33333333333334,4.186000049114227,84.12173913043478,0.0,0.0,0.0,0.0,169.0,162.0,155.0,148.0,143.66666666666666,139.33333333333334,135.0,139.33333333333334,143.66666666666666,175.33333333333334
3801,2018-06-26T23:25:00,173.66666666666666,4.588500022888184,88.35,0.0,0.0,0.0,0.0,171.33333333333334,169.0,162.0,155.0,148.0,143.66666666666666,139.33333333333334,135.0,139.33333333333334,174.66666666666666
3802,2018-06-26T23:30:00,176.0,4.427500009536743,89.11304347826086,0.0,0.0,0.0,0.0,173.66666666666666,171.33333333333334,169.0,162.0,155.0,148.0,143.66666666666666,139.33333333333334,135.0,174.0
3803,2018-06-26T23:35:00,175.33333333333334,4.830000102519989,90.65178571428572,0.0,0.0,0.0,0.0,176.0,173.66666666666666,171.33333333333334,169.0,162.0,155.0,148.0,143.66666666666666,139.33333333333334,173.66666666666666
3804,2018-06-26T23:40:00,174.66666666666666,4.830000102519989,91.02727272727272,0.0,0.0,0.0,0.0,175.33333333333334,176.0,173.66666666666666,171.33333333333334,169.0,162.0,155.0,148.0,143.66666666666666,173.33333333333334
3805,2018-06-26T23:45:00,174.0,4.830000102519989,90.94957983193277,0.0,0.0,0.0,0.0,174.66666666666666,175.33333333333334,176.0,173.66666666666666,171.33333333333334,169.0,162.0,155.0,148.0,173.0
3806,2018-06-26T23:50:00,173.66666666666666,4.830000102519989,89.90551181102362,0.0,0.0,0.0,0.0,174.0,174.66666666666666,175.33333333333334,176.0,173.66666666666666,171.33333333333334,169.0,162.0,155.0,171.33333333333334
3807,2018-06-26T23:55:00,173.33333333333334,4.99099999666214,91.16666666666669,0.0,0.0,0.0,0.0,173.66666666666666,174.0,174.66666666666666,175.33333333333334,176.0,173.66666666666666,171.33333333333334,169.0,162.0,169.66666666666666
3808,2018-06-27T00:00:00,173.0,4.9105000495910645,94.50442477876106,0.0,0.0,0.0,0.0,173.33333333333334,173.66666666666666,174.0,174.66666666666666,175.33333333333334,176.0,173.66666666666666,171.33333333333334,169.0,168.0
3809,2018-06-27T00:05:00,171.33333333333334,4.830000102519989,90.86725663716814,0.0,0.0708333333333333,0.0,0.0,173.0,173.33333333333334,173.66666666666666,174.0,174.66666666666666,175.33333333333334,176.0,173.66666666666666,171.33333333333334,165.66666666666666
3810,2018-06-27T00:10:00,169.66666666666666,4.830000102519989,88.9430894308943,0.0,0.0708333333333333,0.0,0.0,171.33333333333334,173.0,173.33333333333334,173.66666666666666,174.0,174.66666666666666,175.33333333333334,176.0,173.66666666666666,163.33333333333334
3811,2018-06-27T00:15:00,168.0,4.830000102519989,88.08849557522124,0.0,0.0708333333333333,0.0,0.0,169.66666666666666,171.33333333333334,173.0,173.33333333333334,173.66666666666666,174.0,174.66666666666666,175.33333333333334,176.0,161.0
3812,2018-06-27T00:20:00,165.66666666666666,4.508000075817108,87.13513513513513,0.0,0.0708333333333333,0.0,0.0,168.0,169.66666666666666,171.33333333333334,173.0,173.33333333333334,173.66666666666666,174.0,174.66666666666666,175.33333333333334,159.66666666666666
3813,2018-06-27T00:25:00,163.33333333333334,4.025000035762787,84.18103448275862,0.0,0.0708333333333333,0.0,0.0,165.66666666666666,168.0,169.66666666666666,171.33333333333334,173.0,173.33333333333334,173.66666666666666,174.0,174.66666666666666,158.33333333333334
3814,2018-06-27T00:30:00,161.0,4.025000035762787,81.52631578947368,0.0,0.0708333333333333,0.0,0.0,163.33333333333334,165.66666666666666,168.0,169.66666666666666,171.33333333333334,173.0,173.33333333333334,173.66666666666666,174.0,157.0
3815,2018-06-27T00:35:00,159.66666666666666,4.025000035762787,80.90756302521008,0.0,0.0708333333333333,0.0,0.0,161.0,163.33333333333334,165.66666666666666,168.0,169.66666666666666,171.33333333333334,173.0,173.33333333333334,173.66666666666666,156.66666666666666
3816,2018-06-27T00:40:00,158.33333333333334,4.025000035762787,77.625,0.0,0.0708333333333333,0.0,0.0,159.66666666666666,161.0,163.33333333333334,165.66666666666666,168.0,169.66666666666666,171.33333333333334,173.0,173.33333333333334,156.33333333333334
3817,2018-06-27T00:45:00,157.0,4.025000035762787,75.68333333333334,0.0,0.0708333333333333,0.0,0.0,158.33333333333334,159.66666666666666,161.0,163.33333333333334,165.66666666666666,168.0,169.66666666666666,171.33333333333334,173.0,156.0
3818,2018-06-27T00:50:00,156.66666666666666,4.025000035762787,73.90517241379311,0.0,0.0708333333333333,0.0,0.0,157.0,158.33333333333334,159.66666666666666,161.0,163.33333333333334,165.66666666666666,168.0,169.66666666666666,171.33333333333334,152.66666666666666
3819,2018-06-27T00:55:00,156.33333333333334,4.025000035762787,74.2051282051282,0.0,0.0708333333333333,0.0,0.0,156.66666666666666,157.0,158.33333333333334,159.66666666666666,161.0,163.33333333333334,165.66666666666666,168.0,169.66666666666666,149.33333333333334
3820,2018-06-27T01:00:00,156.0,4.025000035762787,74.00869565217391,0.0,0.0708333333333333,0.0,0.0,156.33333333333334,156.66666666666666,157.0,158.33333333333334,159.66666666666666,161.0,163.33333333333334,165.66666666666666,168.0,146.0
3821,2018-06-27T01:05:00,152.66666666666666,4.025000035762787,75.22321428571429,0.0,0.0708333333333333,0.0,0.0,156.0,156.33333333333334,156.66666666666666,157.0,158.33333333333334,159.66666666666666,161.0,163.33333333333334,165.66666666666666,145.0
3822,2018-06-27T01:10:00,149.33333333333334,4.025000035762787,72.62280701754386,0.0,0.0708333333333333,0.0,0.0,152.66666666666666,156.0,156.33333333333334,156.66666666666666,157.0,158.33333333333334,159.66666666666666,161.0,163.33333333333334,144.0
3823,2018-06-27T01:15:00,146.0,4.025000035762787,73.38524590163935,0.0,0.0708333333333333,0.0,0.0,149.33333333333334,152.66666666666666,156.0,156.33333333333334,156.66666666666666,157.0,158.33333333333334,159.66666666666666,161.0,143.0
3824,2018-06-27T01:20:00,145.0,4.186000049114227,71.72033898305085,0.0,0.0,0.0,0.0,146.0,149.33333333333334,152.66666666666666,156.0,156.33333333333334,156.66666666666666,157.0,158.33333333333334,159.66666666666666,139.0
3825,2018-06-27T01:25:00,144.0,4.025000035762787,74.0077519379845,0.0,0.0,0.0,0.0,145.0,146.0,149.33333333333334,152.66666666666666,156.0,156.33333333333334,156.66666666666666,157.0,158.33333333333334,135.0
3826,2018-06-27T01:30:00,143.0,4.105500042438507,76.9349593495935,0.0,0.0,0.0,0.0,144.0,145.0,146.0,149.33333333333334,152.66666666666666,156.0,156.33333333333334,156.66666666666666,157.0,131.0
3827,2018-06-27T01:35:00,139.0,4.025000035762787,76.4076923076923,0.0,0.0,0.0,0.0,143.0,144.0,145.0,146.0,149.33333333333334,152.66666666666666,156.0,156.33333333333334,156.66666666666666,126.66666666666669
3828,2018-06-27T01:40:00,135.0,4.025000035762787,73.99248120300751,0.0,0.0,0.0,0.0,139.0,143.0,144.0,145.0,146.0,149.33333333333334,152.66666666666666,156.0,156.33333333333334,122.33333333333331
3829,2018-06-27T01:45:00,131.0,4.105500042438507,74.04464285714286,0.0,0.0,0.0,0.0,135.0,139.0,143.0,144.0,145.0,146.0,149.33333333333334,152.66666666666666,156.0,118.0
3830,2018-06-27T01:50:00,126.66666666666669,4.025000035762787,73.08403361344538,0.0,0.0,0.0,0.0,131.0,135.0,139.0,143.0,144.0,145.0,146.0,149.33333333333334,152.66666666666666,117.33333333333331
3831,2018-06-27T01:55:00,122.33333333333331,4.025000035762787,71.93893129770993,0.0,0.0,0.0,0.0,126.66666666666669,131.0,135.0,139.0,143.0,144.0,145.0,146.0,149.33333333333334,116.66666666666669
3832,2018-06-27T02:00:00,118.0,4.025000035762787,70.73846153846154,0.0,0.0,0.0,0.0,122.33333333333331,126.66666666666669,131.0,135.0,139.0,143.0,144.0,145.0,146.0,116.0
3833,2018-06-27T02:05:00,117.33333333333331,4.105500042438507,73.12068965517241,0.0,0.0,0.0,0.0,118.0,122.33333333333331,126.66666666666669,131.0,135.0,139.0,143.0,144.0,145.0,121.0
3834,2018-06-27T02:10:00,116.66666666666669,4.025000035762787,72.70247933884298,0.0,0.0,0.0,0.0,117.33333333333331,118.0,122.33333333333331,126.66666666666669,131.0,135.0,139.0,143.0,144.0,126.0
3835,2018-06-27T02:15:00,116.0,4.025000035762787,71.68852459016394,0.0,0.0,0.0,0.0,116.66666666666669,117.33333333333331,118.0,122.33333333333331,126.66666666666669,131.0,135.0,139.0,143.0,131.0
3836,2018-06-27T02:20:00,121.0,4.025000035762787,69.83185840707965,0.0,0.0,0.0,0.0,116.0,116.66666666666669,117.33333333333331,118.0,122.33333333333331,126.66666666666669,131.0,135.0,139.0,131.66666666666666
3837,2018-06-27T02:25:00,126.0,4.025000035762787,73.10743801652893,0.0,0.0,0.0,0.0,121.0,116.0,116.66666666666669,117.33333333333331,118.0,122.33333333333331,126.66666666666669,131.0,135.0,132.33333333333334
3838,2018-06-27T02:30:00,131.0,4.025000035762787,73.1732283464567,0.0,0.0,0.0,0.0,126.0,121.0,116.0,116.66666666666669,117.33333333333331,118.0,122.33333333333331,126.66666666666669,131.0,133.0
3839,2018-06-27T02:35:00,131.66666666666666,4.105500042438507,74.41379310344827,0.0,0.0,0.0,0.0,131.0,126.0,121.0,116.0,116.66666666666669,117.33333333333331,118.0,122.33333333333331,126.66666666666669,142.33333333333334
3840,2018-06-27T02:40:00,132.33333333333334,4.427500069141388,75.75438596491227,0.0,0.0,0.0,0.0,131.66666666666666,131.0,126.0,121.0,116.0,116.66666666666669,117.33333333333331,118.0,122.33333333333331,151.66666666666666
3841,2018-06-27T02:45:00,133.0,4.105500042438507,77.8974358974359,0.0,0.0,0.0,0.0,132.33333333333334,131.66666666666666,131.0,126.0,121.0,116.0,116.66666666666669,117.33333333333331,118.0,161.0
3842,2018-06-27T02:50:00,142.33333333333334,4.186000049114227,71.51282051282051,0.0,0.0,0.0,0.0,133.0,132.33333333333334,131.66666666666666,131.0,126.0,121.0,116.0,116.66666666666669,117.33333333333331,165.66666666666666
3843,2018-06-27T02:55:00,151.66666666666666,4.105500042438507,72.65079365079364,0.0,0.0,0.0,0.0,142.33333333333334,133.0,132.33333333333334,131.66666666666666,131.0,126.0,121.0,116.0,116.66666666666669,170.33333333333334
3844,2018-06-27T03:00:00,161.0,4.025000035762787,73.28947368421052,0.0,0.0,0.0,0.0,151.66666666666666,142.33333333333334,133.0,132.33333333333334,131.66666666666666,131.0,126.0,121.0,116.0,175.0
3845,2018-06-27T03:05:00,165.66666666666666,4.025000035762787,71.33884297520662,0.0,0.0,0.0,0.0,161.0,151.66666666666666,142.33333333333334,133.0,132.33333333333334,131.66666666666666,131.0,126.0,121.0,194.33333333333331
3846,2018-06-27T03:10:00,170.33333333333334,4.025000035762787,71.67567567567568,0.0,0.0,0.0,0.0,165.66666666666666,161.0,151.66666666666666,142.33333333333334,133.0,132.33333333333334,131.66666666666666,131.0,126.0,213.66666666666663
3847,2018-06-27T03:15:00,175.0,4.025000035762787,72.2,0.0,0.0,0.0,0.0,170.33333333333334,165.66666666666666,161.0,151.66666666666666,142.33333333333334,133.0,132.33333333333334,131.66666666666666,131.0,233.0
3848,2018-06-27T03:20:00,194.33333333333331,5.715499997138977,79.07377049180327,13.0,0.0541666666666666,0.0,0.0,175.0,170.33333333333334,165.66666666666666,161.0,151.66666666666666,142.33333333333334,133.0,132.33333333333334,131.66666666666666,239.33333333333331
3849,2018-06-27T03:25:00,213.66666666666663,5.957000017166139,85.33333333333333,31.0,0.0541666666666666,0.0,0.0,194.33333333333331,175.0,170.33333333333334,165.66666666666666,161.0,151.66666666666666,142.33333333333334,133.0,132.33333333333334,245.66666666666663
3850,2018-06-27T03:30:00,233.0,4.105500042438507,70.85714285714286,0.0,0.0541666666666666,0.0,0.0,213.66666666666663,194.33333333333331,175.0,170.33333333333334,165.66666666666666,161.0,151.66666666666666,142.33333333333334,133.0,252.0
3851,2018-06-27T03:35:00,239.33333333333331,4.025000035762787,68.43589743589743,0.0,0.0541666666666666,0.0,0.0,233.0,213.66666666666663,194.33333333333331,175.0,170.33333333333334,165.66666666666666,161.0,151.66666666666666,142.33333333333334,250.33333333333331
3852,2018-06-27T03:40:00,245.66666666666663,4.025000035762787,70.03174603174604,0.0,0.0541666666666666,0.0,0.0,239.33333333333331,233.0,213.66666666666663,194.33333333333331,175.0,170.33333333333334,165.66666666666666,161.0,151.66666666666666,248.66666666666663
3853,2018-06-27T03:45:00,252.0,4.025000035762787,69.18032786885246,0.0,0.0541666666666666,0.0,0.0,245.66666666666663,239.33333333333331,233.0,213.66666666666663,194.33333333333331,175.0,170.33333333333334,165.66666666666666,161.0,247.0
3854,2018-06-27T03:50:00,250.33333333333331,4.025000035762787,67.688,0.0,0.0541666666666666,0.0,0.0,252.0,245.66666666666663,239.33333333333331,233.0,213.66666666666663,194.33333333333331,175.0,170.33333333333334,165.66666666666666,246.33333333333331
3855,2018-06-27T03:55:00,248.66666666666663,4.025000035762787,65.52307692307693,0.0,0.0541666666666666,0.0,0.0,250.33333333333331,252.0,245.66666666666663,239.33333333333331,233.0,213.66666666666663,194.33333333333331,175.0,170.33333333333334,245.66666666666663
3856,2018-06-27T04:00:00,247.0,4.025000035762787,68.62773722627738,0.0,0.0541666666666666,0.0,0.0,248.66666666666663,250.33333333333331,252.0,245.66666666666663,239.33333333333331,233.0,213.66666666666663,194.33333333333331,175.0,245.0
3857,2018-06-27T04:05:00,246.33333333333331,4.025000035762787,63.31060606060606,0.0,0.0541666666666666,0.0,0.0,247.0,248.66666666666663,250.33333333333331,252.0,245.66666666666663,239.33333333333331,233.0,213.66666666666663,194.33333333333331,246.0
3858,2018-06-27T04:10:00,245.66666666666663,4.025000035762787,65.3089430894309,0.0,0.0541666666666666,0.0,0.0,246.33333333333331,247.0,248.66666666666663,250.33333333333331,252.0,245.66666666666663,239.33333333333331,233.0,213.66666666666663,247.0
3859,2018-06-27T04:15:00,245.0,4.025000035762787,68.0,0.0,0.0541666666666666,0.0,0.0,245.66666666666663,246.33333333333331,247.0,248.66666666666663,250.33333333333331,252.0,245.66666666666663,239.33333333333331,233.0,248.0
3860,2018-06-27T04:20:00,246.0,4.025000035762787,67.22834645669292,0.0,0.0541666666666666,0.0,0.0,245.0,245.66666666666663,246.33333333333331,247.0,248.66666666666663,250.33333333333331,252.0,245.66666666666663,239.33333333333331,247.33333333333331
3861,2018-06-27T04:25:00,247.0,4.025000035762787,66.9322033898305,0.0,0.0541666666666666,0.0,0.0,246.0,245.0,245.66666666666663,246.33333333333331,247.0,248.66666666666663,250.33333333333331,252.0,245.66666666666663,246.66666666666663
3862,2018-06-27T04:30:00,248.0,4.025000035762787,66.48717948717949,0.0,0.0541666666666666,0.0,0.0,247.0,246.0,245.0,245.66666666666663,246.33333333333331,247.0,248.66666666666663,250.33333333333331,252.0,246.0
3863,2018-06-27T04:35:00,247.33333333333331,4.025000035762787,66.05737704918033,0.0,0.0541666666666666,0.0,0.0,248.0,247.0,246.0,245.0,245.66666666666663,246.33333333333331,247.0,248.66666666666663,250.33333333333331,247.0
3864,2018-06-27T04:40:00,246.66666666666663,4.025000035762787,69.296,0.0,0.0541666666666666,0.0,0.0,247.33333333333331,248.0,247.0,246.0,245.0,245.66666666666663,246.33333333333331,247.0,248.66666666666663,248.0
3865,2018-06-27T04:45:00,246.0,4.025000035762787,65.56521739130434,0.0,0.0541666666666666,0.0,0.0,246.66666666666663,247.33333333333331,248.0,247.0,246.0,245.0,245.66666666666663,246.33333333333331,247.0,249.0
3866,2018-06-27T04:50:00,247.0,4.025000035762787,65.09322033898304,0.0,0.0541666666666666,0.0,0.0,246.0,246.66666666666663,247.33333333333331,248.0,247.0,246.0,245.0,245.66666666666663,246.33333333333331,247.66666666666663
3867,2018-06-27T04:55:00,248.0,4.025000035762787,66.87603305785125,0.0,0.0541666666666666,0.0,0.0,247.0,246.0,246.66666666666663,247.33333333333331,248.0,247.0,246.0,245.0,245.66666666666663,246.33333333333331
3868,2018-06-27T05:00:00,249.0,4.025000035762787,65.65833333333333,0.0,0.0416666666666666,0.0,0.0,248.0,247.0,246.0,246.66666666666663,247.33333333333331,248.0,247.0,246.0,245.0,245.0
3869,2018-06-27T05:05:00,247.66666666666663,4.025000035762787,65.6842105263158,0.0,0.0416666666666666,0.0,0.0,249.0,248.0,247.0,246.0,246.66666666666663,247.33333333333331,248.0,247.0,246.0,241.66666666666663
3870,2018-06-27T05:10:00,246.33333333333331,4.025000035762787,66.44827586206897,0.0,0.0416666666666666,0.0,0.0,247.66666666666663,249.0,248.0,247.0,246.0,246.66666666666663,247.33333333333331,248.0,247.0,238.33333333333331
3871,2018-06-27T05:15:00,245.0,4.025000035762787,66.65116279069767,0.0,0.0416666666666666,0.0,0.0,246.33333333333331,247.66666666666663,249.0,248.0,247.0,246.0,246.66666666666663,247.33333333333331,248.0,235.0
3872,2018-06-27T05:20:00,241.66666666666663,4.025000035762787,66.49579831932773,0.0,0.0416666666666666,0.0,0.0,245.0,246.33333333333331,247.66666666666663,249.0,248.0,247.0,246.0,246.66666666666663,247.33333333333331,233.66666666666663
3873,2018-06-27T05:25:00,238.33333333333331,4.025000035762787,65.41129032258064,0.0,0.0416666666666666,0.0,0.0,241.66666666666663,245.0,246.33333333333331,247.66666666666663,249.0,248.0,247.0,246.0,246.66666666666663,232.33333333333331
3874,2018-06-27T05:30:00,235.0,4.025000035762787,64.29166666666667,0.0,0.0416666666666666,0.0,0.0,238.33333333333331,241.66666666666663,245.0,246.33333333333331,247.66666666666663,249.0,248.0,247.0,246.0,231.0
3875,2018-06-27T05:35:00,233.66666666666663,4.025000035762787,64.13333333333334,0.0,0.0416666666666666,0.0,0.0,235.0,238.33333333333331,241.66666666666663,245.0,246.33333333333331,247.66666666666663,249.0,248.0,247.0,232.0
3876,2018-06-27T05:40:00,232.33333333333331,4.025000035762787,62.377049180327866,0.0,0.0416666666666666,0.0,0.0,233.66666666666663,235.0,238.33333333333331,241.66666666666663,245.0,246.33333333333331,247.66666666666663,249.0,248.0,233.0
3877,2018-06-27T05:45:00,231.0,4.025000035762787,62.83185840707964,0.0,0.0416666666666666,0.0,0.0,232.33333333333331,233.66666666666663,235.0,238.33333333333331,241.66666666666663,245.0,246.33333333333331,247.66666666666663,249.0,234.0
3878,2018-06-27T05:50:00,232.0,4.025000035762787,62.721739130434784,0.0,0.0416666666666666,0.0,0.0,231.0,232.33333333333331,233.66666666666663,235.0,238.33333333333331,241.66666666666663,245.0,246.33333333333331,247.66666666666663,232.0
3879,2018-06-27T05:55:00,233.0,4.025000035762787,64.17391304347827,0.0,0.0416666666666666,0.0,0.0,232.0,231.0,232.33333333333331,233.66666666666663,235.0,238.33333333333331,241.66666666666663,245.0,246.33333333333331,230.0
3880,2018-06-27T06:00:00,234.0,4.025000035762787,62.51937984496124,0.0,0.0416666666666666,0.0,0.0,233.0,232.0,231.0,232.33333333333331,233.66666666666663,235.0,238.33333333333331,241.66666666666663,245.0,228.0
3881,2018-06-27T06:05:00,232.0,4.025000035762787,58.950413223140494,0.0,0.0416666666666666,0.0,0.0,234.0,233.0,232.0,231.0,232.33333333333331,233.66666666666663,235.0,238.33333333333331,241.66666666666663,228.0
3882,2018-06-27T06:10:00,230.0,4.025000035762787,60.9344262295082,0.0,0.0416666666666666,0.0,0.0,232.0,234.0,233.0,232.0,231.0,232.33333333333331,233.66666666666663,235.0,238.33333333333331,228.0
3883,2018-06-27T06:15:00,228.0,6.198500096797943,62.55,32.0,0.0416666666666666,0.0,0.0,230.0,232.0,234.0,233.0,232.0,231.0,232.33333333333331,233.66666666666663,235.0,238.0
3884,2018-06-27T06:20:00,228.0,4.427500069141388,70.38260869565218,0.0,0.0416666666666666,0.0,0.0,228.0,230.0,232.0,234.0,233.0,232.0,231.0,232.33333333333331,233.66666666666663,248.33333333333331
3885,2018-06-27T06:25:00,228.0,5.634999990463257,79.22123893805309,16.0,0.0416666666666666,3.0,2.5,228.0,228.0,230.0,232.0,234.0,233.0,232.0,231.0,232.33333333333331,258.6666666666667
3886,2018-06-27T06:30:00,238.0,4.186000049114227,74.56410256410257,0.0,0.0416666666666666,0.0,0.0,228.0,228.0,228.0,230.0,232.0,234.0,233.0,232.0,231.0,269.0
3887,2018-06-27T06:35:00,248.33333333333331,7.888999938964844,80.79816513761467,29.0,0.0416666666666666,0.0,0.0,238.0,228.0,228.0,228.0,230.0,232.0,234.0,233.0,232.0,278.0
3888,2018-06-27T06:40:00,258.6666666666667,5.796000003814697,84.55357142857143,0.0,0.0416666666666666,0.0,0.0,248.33333333333331,238.0,228.0,228.0,228.0,230.0,232.0,234.0,233.0,287.0
3889,2018-06-27T06:45:00,269.0,7.003499865531921,85.4672131147541,22.0,0.0416666666666666,0.0,0.0,258.6666666666667,248.33333333333331,238.0,228.0,228.0,228.0,230.0,232.0,234.0,296.0
3890,2018-06-27T06:50:00,278.0,9.257500112056732,87.9920634920635,102.0,0.0416666666666666,0.0,0.0,269.0,258.6666666666667,248.33333333333331,238.0,228.0,228.0,228.0,230.0,232.0,294.3333333333333
3891,2018-06-27T06:55:00,287.0,9.41849970817566,97.8961038961039,47.0,0.0416666666666666,0.0,0.0,278.0,269.0,258.6666666666667,248.33333333333331,238.0,228.0,228.0,228.0,230.0,292.6666666666667
3892,2018-06-27T07:00:00,296.0,4.588500022888184,82.515625,0.0,0.0416666666666666,0.0,0.0,287.0,278.0,269.0,258.6666666666667,248.33333333333331,238.0,228.0,228.0,228.0,291.0
3893,2018-06-27T07:05:00,294.3333333333333,5.3130000829696655,75.57851239669421,10.0,0.0416666666666666,0.0,0.0,296.0,287.0,278.0,269.0,258.6666666666667,248.33333333333331,238.0,228.0,228.0,285.3333333333333
3894,2018-06-27T07:10:00,292.6666666666667,4.105500042438507,71.88976377952756,0.0,0.0416666666666666,0.0,0.0,294.3333333333333,296.0,287.0,278.0,269.0,258.6666666666667,248.33333333333331,238.0,228.0,279.6666666666667
3895,2018-06-27T07:15:00,291.0,4.186000049114227,72.51968503937007,0.0,0.0416666666666666,0.0,0.0,292.6666666666667,294.3333333333333,296.0,287.0,278.0,269.0,258.6666666666667,248.33333333333331,238.0,274.0
3896,2018-06-27T07:20:00,285.3333333333333,4.105500042438507,72.504,0.0,0.0416666666666666,0.0,0.0,291.0,292.6666666666667,294.3333333333333,296.0,287.0,278.0,269.0,258.6666666666667,248.33333333333331,268.6666666666667
3897,2018-06-27T07:25:00,279.6666666666667,4.025000035762787,69.1029411764706,0.0,0.0416666666666666,0.0,0.0,285.3333333333333,291.0,292.6666666666667,294.3333333333333,296.0,287.0,278.0,269.0,258.6666666666667,263.3333333333333
3898,2018-06-27T07:30:00,274.0,4.025000035762787,67.1344537815126,0.0,0.0416666666666666,0.0,0.0,279.6666666666667,285.3333333333333,291.0,292.6666666666667,294.3333333333333,296.0,287.0,278.0,269.0,258.0
3899,2018-06-27T07:35:00,268.6666666666667,4.025000035762787,67.56410256410257,0.0,0.0416666666666666,0.0,0.0,274.0,279.6666666666667,285.3333333333333,291.0,292.6666666666667,294.3333333333333,296.0,287.0,278.0,252.0
3900,2018-06-27T07:40:00,263.3333333333333,4.025000035762787,68.42622950819673,0.0,0.0416666666666666,0.0,0.0,268.6666666666667,274.0,279.6666666666667,285.3333333333333,291.0,292.6666666666667,294.3333333333333,296.0,287.0,246.0
3901,2018-06-27T07:45:00,258.0,4.025000035762787,67.89344262295081,0.0,0.0416666666666666,0.0,0.0,263.3333333333333,268.6666666666667,274.0,279.6666666666667,285.3333333333333,291.0,292.6666666666667,294.3333333333333,296.0,240.0
3902,2018-06-27T07:50:00,252.0,4.025000035762787,66.73228346456693,0.0,0.0416666666666666,0.0,0.0,258.0,263.3333333333333,268.6666666666667,274.0,279.6666666666667,285.3333333333333,291.0,292.6666666666667,294.3333333333333,234.0
3903,2018-06-27T07:55:00,246.0,4.025000035762787,67.384,0.0,0.0416666666666666,0.0,0.0,252.0,258.0,263.3333333333333,268.6666666666667,274.0,279.6666666666667,285.3333333333333,291.0,292.6666666666667,228.0
3904,2018-06-27T08:00:00,240.0,4.025000035762787,68.44094488188976,0.0,0.0416666666666666,0.0,0.0,246.0,252.0,258.0,263.3333333333333,268.6666666666667,274.0,279.6666666666667,285.3333333333333,291.0,222.0
3905,2018-06-27T08:05:00,234.0,4.025000035762787,68.0,0.0,0.0416666666666666,0.0,0.0,240.0,246.0,252.0,258.0,263.3333333333333,268.6666666666667,274.0,279.6666666666667,285.3333333333333,217.33333333333331
3906,2018-06-27T08:10:00,228.0,4.025000035762787,66.25984251968504,0.0,0.0416666666666666,0.0,0.0,234.0,240.0,246.0,252.0,258.0,263.3333333333333,268.6666666666667,274.0,279.6666666666667,212.66666666666663
3907,2018-06-27T08:15:00,222.0,4.025000035762787,65.82307692307693,0.0,0.0416666666666666,0.0,0.0,228.0,234.0,240.0,246.0,252.0,258.0,263.3333333333333,268.6666666666667,274.0,208.0
3908,2018-06-27T08:20:00,217.33333333333331,4.025000035762787,66.224,0.0,0.0416666666666666,0.0,0.0,222.0,228.0,234.0,240.0,246.0,252.0,258.0,263.3333333333333,268.6666666666667,201.66666666666663
3909,2018-06-27T08:25:00,212.66666666666663,4.025000035762787,62.953125,0.0,0.0416666666666666,0.0,0.0,217.33333333333331,222.0,228.0,234.0,240.0,246.0,252.0,258.0,263.3333333333333,195.33333333333331
3910,2018-06-27T08:30:00,208.0,4.025000035762787,62.648,0.0,0.0416666666666666,0.0,0.0,212.66666666666663,217.33333333333331,222.0,228.0,234.0,240.0,246.0,252.0,258.0,189.0
3911,2018-06-27T08:35:00,201.66666666666663,4.186000049114227,65.84070796460178,0.0,0.0416666666666666,0.0,0.0,208.0,212.66666666666663,217.33333333333331,222.0,228.0,234.0,240.0,246.0,252.0,183.0
3912,2018-06-27T08:40:00,195.33333333333331,4.105500042438507,75.13740458015268,0.0,0.0416666666666666,0.0,0.0,201.66666666666663,208.0,212.66666666666663,217.33333333333331,222.0,228.0,234.0,240.0,246.0,177.0
3913,2018-06-27T08:45:00,189.0,7.647500038146973,79.37007874015748,12.0,0.0416666666666666,0.0,0.0,195.33333333333331,201.66666666666663,208.0,212.66666666666663,217.33333333333331,222.0,228.0,234.0,240.0,171.0
3914,2018-06-27T08:50:00,183.0,4.025000035762787,67.03539823008849,0.0,0.0416666666666666,0.0,0.0,189.0,195.33333333333331,201.66666666666663,208.0,212.66666666666663,217.33333333333331,222.0,228.0,234.0,168.66666666666666
3915,2018-06-27T08:55:00,177.0,4.025000035762787,65.73109243697479,0.0,0.0416666666666666,0.0,0.0,183.0,189.0,195.33333333333331,201.66666666666663,208.0,212.66666666666663,217.33333333333331,222.0,228.0,166.33333333333334
3916,2018-06-27T09:00:00,171.0,4.025000035762787,64.88235294117646,0.0,0.0375,0.0,0.0,177.0,183.0,189.0,195.33333333333331,201.66666666666663,208.0,212.66666666666663,217.33333333333331,222.0,164.0
3917,2018-06-27T09:05:00,168.66666666666666,4.105500042438507,65.7258064516129,0.0,0.0375,0.0,0.0,171.0,177.0,183.0,189.0,195.33333333333331,201.66666666666663,208.0,212.66666666666663,217.33333333333331,163.66666666666666
3918,2018-06-27T09:10:00,166.33333333333334,4.025000035762787,66.29310344827586,0.0,0.0375,0.0,0.0,168.66666666666666,171.0,177.0,183.0,189.0,195.33333333333331,201.66666666666663,208.0,212.66666666666663,163.33333333333334
3919,2018-06-27T09:15:00,164.0,4.025000035762787,69.90625,0.0,0.0375,0.0,0.0,166.33333333333334,168.66666666666666,171.0,177.0,183.0,189.0,195.33333333333331,201.66666666666663,208.0,163.0
3920,2018-06-27T09:20:00,163.66666666666666,4.025000035762787,68.944,0.0,0.0375,0.0,0.0,164.0,166.33333333333334,168.66666666666666,171.0,177.0,183.0,189.0,195.33333333333331,201.66666666666663,159.66666666666666
3921,2018-06-27T09:25:00,163.33333333333334,4.025000035762787,67.67213114754098,0.0,0.0375,0.0,0.0,163.66666666666666,164.0,166.33333333333334,168.66666666666666,171.0,177.0,183.0,189.0,195.33333333333331,156.33333333333334
3922,2018-06-27T09:30:00,163.0,4.025000035762787,67.82203389830508,0.0,0.0375,0.0,0.0,163.33333333333334,163.66666666666666,164.0,166.33333333333334,168.66666666666666,171.0,177.0,183.0,189.0,153.0
3923,2018-06-27T09:35:00,159.66666666666666,4.266500055789948,69.83760683760684,0.0,0.0375,0.0,0.0,163.0,163.33333333333334,163.66666666666666,164.0,166.33333333333334,168.66666666666666,171.0,177.0,183.0,149.66666666666666
3924,2018-06-27T09:40:00,156.33333333333334,6.681500017642975,80.25210084033614,17.0,0.0375,0.0,0.0,159.66666666666666,163.0,163.33333333333334,163.66666666666666,164.0,166.33333333333334,168.66666666666666,171.0,177.0,146.33333333333334
3925,2018-06-27T09:45:00,153.0,7.8084999322891235,96.72033898305084,0.0,0.0375,0.0,0.0,156.33333333333334,159.66666666666666,163.0,163.33333333333334,163.66666666666666,164.0,166.33333333333334,168.66666666666666,171.0,143.0
3926,2018-06-27T09:50:00,149.66666666666666,7.888999879360201,97.76724137931036,18.0,0.0375,0.0,0.0,153.0,156.33333333333334,159.66666666666666,163.0,163.33333333333334,163.66666666666666,164.0,166.33333333333334,168.66666666666666,143.0
3927,2018-06-27T09:55:00,146.33333333333334,4.025000035762787,72.31060606060606,0.0,0.0375,0.0,0.0,149.66666666666666,153.0,156.33333333333334,159.66666666666666,163.0,163.33333333333334,163.66666666666666,164.0,166.33333333333334,143.0
3928,2018-06-27T10:00:00,143.0,4.186000049114227,76.3135593220339,0.0,0.0375,0.0,0.0,146.33333333333334,149.66666666666666,153.0,156.33333333333334,159.66666666666666,163.0,163.33333333333334,163.66666666666666,164.0,143.0
3929,2018-06-27T10:05:00,143.0,7.969499826431274,79.32773109243698,15.0,0.0375,0.0,0.0,143.0,146.33333333333334,149.66666666666666,153.0,156.33333333333334,159.66666666666666,163.0,163.33333333333334,163.66666666666666,141.0
3930,2018-06-27T10:10:00,143.0,10.786999821662905,86.21818181818182,58.0,0.0375,0.0,0.0,143.0,143.0,146.33333333333334,149.66666666666666,153.0,156.33333333333334,159.66666666666666,163.0,163.33333333333334,139.0
3931,2018-06-27T10:15:00,143.0,9.498999834060667,88.31818181818181,81.0,0.0375,0.0,0.0,143.0,143.0,143.0,146.33333333333334,149.66666666666666,153.0,156.33333333333334,159.66666666666666,163.0,137.0
3932,2018-06-27T10:20:00,141.0,8.291499853134155,86.83928571428571,28.0,0.0375,0.0,0.0,143.0,143.0,143.0,143.0,146.33333333333334,149.66666666666666,153.0,156.33333333333334,159.66666666666666,136.0
3933,2018-06-27T10:25:00,139.0,6.600999832153321,93.04132231404958,14.0,0.0375,0.0,0.0,141.0,143.0,143.0,143.0,143.0,146.33333333333334,149.66666666666666,153.0,156.33333333333334,135.0
3934,2018-06-27T10:30:00,137.0,6.601000070571899,81.3828125,15.0,0.0375,0.0,0.0,139.0,141.0,143.0,143.0,143.0,143.0,146.33333333333334,149.66666666666666,153.0,134.0
3935,2018-06-27T10:35:00,136.0,15.69750022888183,110.14634146341464,30.0,0.0375,0.0,0.0,137.0,139.0,141.0,143.0,143.0,143.0,143.0,146.33333333333334,149.66666666666666,138.0
3936,2018-06-27T10:40:00,135.0,8.854999959468842,94.5275590551181,24.0,0.0375,0.0,0.0,136.0,137.0,139.0,141.0,143.0,143.0,143.0,143.0,146.33333333333334,142.0
3937,2018-06-27T10:45:00,134.0,8.371999979019167,84.296,42.0,0.0375,0.0,0.0,135.0,136.0,137.0,139.0,141.0,143.0,143.0,143.0,143.0,146.0
3938,2018-06-27T10:50:00,138.0,9.740499794483185,85.30357142857143,65.0,0.0375,0.0,0.0,134.0,135.0,136.0,137.0,139.0,141.0,143.0,143.0,143.0,150.66666666666666
3939,2018-06-27T10:55:00,142.0,7.325499892234802,84.72881355932203,28.0,0.0375,0.0,0.0,138.0,134.0,135.0,136.0,137.0,139.0,141.0,143.0,143.0,155.33333333333334
3940,2018-06-27T11:00:00,146.0,10.786999940872192,91.6153846153846,144.0,0.0375,0.0,0.0,142.0,138.0,134.0,135.0,136.0,137.0,139.0,141.0,143.0,160.0
3941,2018-06-27T11:05:00,150.66666666666666,4.427500069141388,82.14754098360656,0.0,0.0375,0.0,0.0,146.0,142.0,138.0,134.0,135.0,136.0,137.0,139.0,141.0,159.66666666666666
3942,2018-06-27T11:10:00,155.33333333333334,4.588500022888184,82.21929824561404,0.0,0.0375,0.0,0.0,150.66666666666666,146.0,142.0,138.0,134.0,135.0,136.0,137.0,139.0,159.33333333333334
3943,2018-06-27T11:15:00,160.0,15.053499937057495,91.9298245614035,226.0,0.0375,0.0,0.0,155.33333333333334,150.66666666666666,146.0,142.0,138.0,134.0,135.0,136.0,137.0,159.0
3944,2018-06-27T11:20:00,159.66666666666666,4.588500082492828,87.44628099173553,0.0,0.0375,0.0,0.0,160.0,155.33333333333334,150.66666666666666,146.0,142.0,138.0,134.0,135.0,136.0,158.0
3945,2018-06-27T11:25:00,159.33333333333334,4.105500042438507,85.46017699115045,0.0,0.0375,0.0,0.0,159.66666666666666,160.0,155.33333333333334,150.66666666666666,146.0,142.0,138.0,134.0,135.0,157.0
3946,2018-06-27T11:30:00,159.0,5.715499937534332,84.91150442477876,17.0,0.0375,0.0,0.0,159.33333333333334,159.66666666666666,160.0,155.33333333333334,150.66666666666666,146.0,142.0,138.0,134.0,156.0
3947,2018-06-27T11:35:00,158.0,4.749500036239624,86.59016393442623,0.0,0.0375,0.0,0.0,159.0,159.33333333333334,159.66666666666666,160.0,155.33333333333334,150.66666666666666,146.0,142.0,138.0,153.66666666666666
3948,2018-06-27T11:40:00,157.0,5.393499970436096,82.31967213114754,0.0,0.0375,0.0,0.0,158.0,159.0,159.33333333333334,159.66666666666666,160.0,155.33333333333334,150.66666666666666,146.0,142.0,151.33333333333334
3949,2018-06-27T11:45:00,156.0,4.588500022888184,86.44166666666666,0.0,0.0375,0.0,0.0,157.0,158.0,159.0,159.33333333333334,159.66666666666666,160.0,155.33333333333334,150.66666666666666,146.0,149.0
3950,2018-06-27T11:50:00,153.66666666666666,7.003499984741211,86.8,37.0,0.0375,0.0,0.0,156.0,157.0,158.0,159.0,159.33333333333334,159.66666666666666,160.0,155.33333333333334,150.66666666666666,151.66666666666666
3951,2018-06-27T11:55:00,151.33333333333334,19.3199999332428,106.43243243243244,327.0,0.0375,0.0,0.0,153.66666666666666,156.0,157.0,158.0,159.0,159.33333333333334,159.66666666666666,160.0,155.33333333333334,154.33333333333334
3952,2018-06-27T12:00:00,149.0,10.625999927520752,89.25,135.0,0.0375,0.0,0.0,151.33333333333334,153.66666666666666,156.0,157.0,158.0,159.0,159.33333333333334,159.66666666666666,160.0,157.0
3953,2018-06-27T12:05:00,151.66666666666666,13.846000254154204,91.81021897810218,197.0,0.0375,0.0,0.0,149.0,151.33333333333334,153.66666666666666,156.0,157.0,158.0,159.0,159.33333333333334,159.66666666666666,172.0
3954,2018-06-27T12:10:00,154.33333333333334,4.588499963283539,80.48275862068965,0.0,0.0375,0.0,0.0,151.66666666666666,149.0,151.33333333333334,153.66666666666666,156.0,157.0,158.0,159.0,159.33333333333334,187.0
3955,2018-06-27T12:15:00,157.0,4.508000016212463,83.95652173913044,0.0,0.0375,1.5,0.0,154.33333333333334,151.66666666666666,149.0,151.33333333333334,153.66666666666666,156.0,157.0,158.0,159.0,202.0
3956,2018-06-27T12:20:00,172.0,4.749499976634979,85.3360655737705,0.0,0.0375,0.0,0.0,157.0,154.33333333333334,151.66666666666666,149.0,151.33333333333334,153.66666666666666,156.0,157.0,158.0,213.66666666666663
3957,2018-06-27T12:25:00,187.0,17.871000468730927,101.3956834532374,328.0,0.0375,0.0,0.0,172.0,157.0,154.33333333333334,151.66666666666666,149.0,151.33333333333334,153.66666666666666,156.0,157.0,225.33333333333331
3958,2018-06-27T12:30:00,202.0,16.42199993133545,111.45588235294116,180.0,0.0375,0.0,0.0,187.0,172.0,157.0,154.33333333333334,151.66666666666666,149.0,151.33333333333334,153.66666666666666,156.0,237.0
3959,2018-06-27T12:35:00,213.66666666666663,6.27899980545044,87.37704918032787,10.0,0.0375,0.0,0.0,202.0,187.0,172.0,157.0,154.33333333333334,151.66666666666666,149.0,151.33333333333334,153.66666666666666,243.0
3960,2018-06-27T12:40:00,225.33333333333331,7.808499813079834,91.14782608695651,27.0,0.0375,0.0,0.0,213.66666666666663,202.0,187.0,172.0,157.0,154.33333333333334,151.66666666666666,149.0,151.33333333333334,249.0
3961,2018-06-27T12:45:00,237.0,8.130499839782715,97.45535714285714,24.0,0.0375,0.0,0.0,225.33333333333331,213.66666666666663,202.0,187.0,172.0,157.0,154.33333333333334,151.66666666666666,149.0,255.0
3962,2018-06-27T12:50:00,243.0,8.291499853134155,96.3904761904762,32.0,0.0375,0.0,0.0,237.0,225.33333333333331,213.66666666666663,202.0,187.0,172.0,157.0,154.33333333333334,151.66666666666666,269.0
3963,2018-06-27T12:55:00,249.0,11.350499868392944,94.73684210526316,88.0,0.0375,0.0,0.0,243.0,237.0,225.33333333333331,213.66666666666663,202.0,187.0,172.0,157.0,154.33333333333334,283.0
3964,2018-06-27T13:00:00,255.0,13.52400016784668,107.12698412698413,58.0,0.0375,0.0,0.0,249.0,243.0,237.0,225.33333333333331,213.66666666666663,202.0,187.0,172.0,157.0,297.0
3965,2018-06-27T13:05:00,269.0,15.939000129699709,102.80701754385964,194.0,0.0375,0.0,0.0,255.0,249.0,243.0,237.0,225.33333333333331,213.66666666666663,202.0,187.0,172.0,295.3333333333333
3966,2018-06-27T13:10:00,283.0,14.16800045967102,111.69166666666666,11.0,0.0375,0.5,0.0,269.0,255.0,249.0,243.0,237.0,225.33333333333331,213.66666666666663,202.0,187.0,293.6666666666667
3967,2018-06-27T13:15:00,297.0,8.935499966144562,99.74311926605505,21.0,0.0375,0.0,0.0,283.0,269.0,255.0,249.0,243.0,237.0,225.33333333333331,213.66666666666663,202.0,292.0
3968,2018-06-27T13:20:00,295.3333333333333,8.2914999127388,90.35714285714286,22.0,0.0375,0.0,0.0,297.0,283.0,269.0,255.0,249.0,243.0,237.0,225.33333333333331,213.66666666666663,279.0
3969,2018-06-27T13:25:00,293.6666666666667,5.473999977111816,78.83783783783784,11.0,0.0375,0.0,0.0,295.3333333333333,297.0,283.0,269.0,255.0,249.0,243.0,237.0,225.33333333333331,266.0
3970,2018-06-27T13:30:00,292.0,5.554499983787537,79.875,12.0,0.0375,0.0,0.0,293.6666666666667,295.3333333333333,297.0,283.0,269.0,255.0,249.0,243.0,237.0,253.0
3971,2018-06-27T13:35:00,279.0,8.371999859809875,81.79646017699115,80.0,0.0375,0.0,0.0,292.0,293.6666666666667,295.3333333333333,297.0,283.0,269.0,255.0,249.0,243.0,243.66666666666663
3972,2018-06-27T13:40:00,266.0,11.189499855041507,90.11214953271028,105.0,0.0375,0.0,0.0,279.0,292.0,293.6666666666667,295.3333333333333,297.0,283.0,269.0,255.0,249.0,234.33333333333331
3973,2018-06-27T13:45:00,253.0,9.337999820709232,93.0,57.0,0.0375,0.0,0.0,266.0,279.0,292.0,293.6666666666667,295.3333333333333,297.0,283.0,269.0,255.0,225.0
3974,2018-06-27T13:50:00,243.66666666666663,9.015999794006348,94.31531531531532,11.0,0.0375,0.0,0.0,253.0,266.0,279.0,292.0,293.6666666666667,295.3333333333333,297.0,283.0,269.0,216.0
3975,2018-06-27T13:55:00,234.33333333333331,6.27899980545044,97.6923076923077,4.0,0.0375,0.0,0.0,243.66666666666663,253.0,266.0,279.0,292.0,293.6666666666667,295.3333333333333,297.0,283.0,207.0
3976,2018-06-27T14:00:00,225.0,7.808499813079835,92.73394495412845,21.0,0.0375,0.0,0.0,234.33333333333331,243.66666666666663,253.0,266.0,279.0,292.0,293.6666666666667,295.3333333333333,297.0,198.0
3977,2018-06-27T14:05:00,216.0,13.202000141143795,89.1842105263158,70.0,0.0375,0.0,0.0,225.0,234.33333333333331,243.66666666666663,253.0,266.0,279.0,292.0,293.6666666666667,295.3333333333333,189.0
3978,2018-06-27T14:10:00,207.0,16.58300018310547,84.75490196078431,201.0,0.0375,0.0,0.0,216.0,225.0,234.33333333333331,243.66666666666663,253.0,266.0,279.0,292.0,293.6666666666667,180.0
3979,2018-06-27T14:15:00,198.0,11.430999755859377,84.6078431372549,69.0,0.0375,0.0,0.0,207.0,216.0,225.0,234.33333333333331,243.66666666666663,253.0,266.0,279.0,292.0,171.0
3980,2018-06-27T14:20:00,189.0,14.651000022888184,98.71171171171171,246.0,0.0375,0.0,0.0,198.0,207.0,216.0,225.0,234.33333333333331,243.66666666666663,253.0,266.0,279.0,162.33333333333334
3981,2018-06-27T14:25:00,180.0,7.808499813079834,96.11764705882354,37.0,0.0375,0.0,0.0,189.0,198.0,207.0,216.0,225.0,234.33333333333331,243.66666666666663,253.0,266.0,153.66666666666666
3982,2018-06-27T14:30:00,171.0,12.397000074386597,103.0,163.0,0.0375,0.0,0.0,180.0,189.0,198.0,207.0,216.0,225.0,234.33333333333331,243.66666666666663,253.0,145.0
3983,2018-06-27T14:35:00,162.33333333333334,11.028499841690063,98.09756097560977,49.0,0.0375,0.0,0.0,171.0,180.0,189.0,198.0,207.0,216.0,225.0,234.33333333333331,243.66666666666663,144.16666666666666
3984,2018-06-27T14:40:00,153.66666666666666,5.956999897956848,86.32520325203252,6.0,0.0375,0.0,0.0,162.33333333333334,171.0,180.0,189.0,198.0,207.0,216.0,225.0,234.33333333333331,143.33333333333334
3985,2018-06-27T14:45:00,145.0,13.6045001745224,85.87640449438203,169.0,0.0375,0.0,0.0,153.66666666666666,162.33333333333334,171.0,180.0,189.0,198.0,207.0,216.0,225.0,142.5
3986,2018-06-27T14:50:00,144.16666666666666,14.248499870300297,102.28571428571428,184.0,0.0375,0.0,0.0,145.0,153.66666666666666,162.33333333333334,171.0,180.0,189.0,198.0,207.0,216.0,134.33333333333334
3987,2018-06-27T14:55:00,143.33333333333334,5.232499837875366,91.6641791044776,0.0,0.0375,0.0,0.0,144.16666666666666,145.0,153.66666666666666,162.33333333333334,171.0,180.0,189.0,198.0,207.0,126.16666666666669
3988,2018-06-27T15:00:00,142.5,11.189499855041504,93.5206611570248,59.0,0.0375,0.0,0.0,143.33333333333334,144.16666666666666,145.0,153.66666666666666,162.33333333333334,171.0,180.0,189.0,198.0,118.0
3989,2018-06-27T15:05:00,134.33333333333334,13.04099988937378,94.9047619047619,124.0,0.0375,0.0,0.0,142.5,143.33333333333334,144.16666666666666,145.0,153.66666666666666,162.33333333333334,171.0,180.0,189.0,129.66666666666666
3990,2018-06-27T15:10:00,126.16666666666669,7.969499826431276,93.29166666666669,32.0,0.0375,0.0,0.0,134.33333333333334,142.5,143.33333333333334,144.16666666666666,145.0,153.66666666666666,162.33333333333334,171.0,180.0,141.33333333333334
3991,2018-06-27T15:15:00,118.0,8.532999753952026,90.42622950819673,16.0,0.0375,3.5,3.5,126.16666666666669,134.33333333333334,142.5,143.33333333333334,144.16666666666666,145.0,153.66666666666666,162.33333333333334,171.0,153.0
3992,2018-06-27T15:20:00,129.66666666666666,4.91049998998642,87.48,0.0,0.0375,0.0,0.0,118.0,126.16666666666669,134.33333333333334,142.5,143.33333333333334,144.16666666666666,145.0,153.66666666666666,162.33333333333334,171.0
3993,2018-06-27T15:25:00,141.33333333333334,6.922999858856201,90.30434782608695,0.0,0.0375,0.0,0.0,129.66666666666666,118.0,126.16666666666669,134.33333333333334,142.5,143.33333333333334,144.16666666666666,145.0,153.66666666666666,189.0
3994,2018-06-27T15:30:00,153.0,4.749500036239624,89.83333333333333,0.0,0.0375,0.0,0.0,141.33333333333334,129.66666666666666,118.0,126.16666666666669,134.33333333333334,142.5,143.33333333333334,144.16666666666666,145.0,207.0
3995,2018-06-27T15:35:00,171.0,6.117999911308289,90.11764705882354,0.0,0.0375,0.0,0.0,153.0,141.33333333333334,129.66666666666666,118.0,126.16666666666669,134.33333333333334,142.5,143.33333333333334,144.16666666666666,218.66666666666663
3996,2018-06-27T15:40:00,189.0,5.151999890804291,91.22764227642276,0.0,0.0375,0.0,0.0,171.0,153.0,141.33333333333334,129.66666666666666,118.0,126.16666666666669,134.33333333333334,142.5,143.33333333333334,230.33333333333331
3997,2018-06-27T15:45:00,207.0,4.749499976634979,87.48412698412699,0.0,0.0375,0.0,0.0,189.0,171.0,153.0,141.33333333333334,129.66666666666666,118.0,126.16666666666669,134.33333333333334,142.5,242.0
3998,2018-06-27T15:50:00,218.66666666666663,6.278999924659729,91.75590551181102,0.0,0.0375,0.0,0.0,207.0,189.0,171.0,153.0,141.33333333333334,129.66666666666666,118.0,126.16666666666669,134.33333333333334,241.33333333333331
3999,2018-06-27T15:55:00,230.33333333333331,9.98199987411499,92.72413793103448,96.0,0.0375,0.0,0.0,218.66666666666663,207.0,189.0,171.0,153.0,141.33333333333334,129.66666666666666,118.0,126.16666666666669,240.66666666666663
4000,2018-06-27T16:00:00,242.0,10.223499894142153,96.776,7.0,0.0375,0.0,0.0,230.33333333333331,218.66666666666663,207.0,189.0,171.0,153.0,141.33333333333334,129.66666666666666,118.0,240.0
4001,2018-06-27T16:05:00,241.33333333333331,5.151999890804291,96.34677419354838,0.0,0.0375,0.0,0.0,242.0,230.33333333333331,218.66666666666663,207.0,189.0,171.0,153.0,141.33333333333334,129.66666666666666,239.33333333333331
4002,2018-06-27T16:10:00,240.66666666666663,4.830000102519989,93.7948717948718,0.0,0.0375,0.0,0.0,241.33333333333331,242.0,230.33333333333331,218.66666666666663,207.0,189.0,171.0,153.0,141.33333333333334,238.66666666666663
4003,2018-06-27T16:15:00,240.0,4.830000102519989,92.74615384615385,0.0,0.0375,0.0,0.0,240.66666666666663,241.33333333333331,242.0,230.33333333333331,218.66666666666663,207.0,189.0,171.0,153.0,238.0
4004,2018-06-27T16:20:00,239.33333333333331,4.830000102519989,90.14655172413794,0.0,0.0375,0.0,0.0,240.0,240.66666666666663,241.33333333333331,242.0,230.33333333333331,218.66666666666663,207.0,189.0,171.0,237.33333333333331
4005,2018-06-27T16:25:00,238.66666666666663,7.727999866008759,89.67521367521367,34.0,0.0375,0.0,0.0,239.33333333333331,240.0,240.66666666666663,241.33333333333331,242.0,230.33333333333331,218.66666666666663,207.0,189.0,236.66666666666663
4006,2018-06-27T16:30:00,238.0,9.74049973487854,87.74545454545455,55.0,0.0375,0.0,0.0,238.66666666666663,239.33333333333331,240.0,240.66666666666663,241.33333333333331,242.0,230.33333333333331,218.66666666666663,207.0,236.0
4007,2018-06-27T16:35:00,237.33333333333331,7.808499813079835,93.14166666666668,23.0,0.0375,0.0,0.0,238.0,238.66666666666663,239.33333333333331,240.0,240.66666666666663,241.33333333333331,242.0,230.33333333333331,218.66666666666663,235.33333333333331
4008,2018-06-27T16:40:00,236.66666666666663,5.715499877929688,104.92660550458716,0.0,0.0375,0.0,0.0,237.33333333333331,238.0,238.66666666666663,239.33333333333331,240.0,240.66666666666663,241.33333333333331,242.0,230.33333333333331,234.66666666666663
4009,2018-06-27T16:45:00,236.0,6.359500169754028,92.9396551724138,0.0,0.0375,0.0,0.0,236.66666666666663,237.33333333333331,238.0,238.66666666666663,239.33333333333331,240.0,240.66666666666663,241.33333333333331,242.0,234.0
4010,2018-06-27T16:50:00,235.33333333333331,4.830000102519989,90.97413793103448,0.0,0.0375,0.0,0.0,236.0,236.66666666666663,237.33333333333331,238.0,238.66666666666663,239.33333333333331,240.0,240.66666666666663,241.33333333333331,233.33333333333331
4011,2018-06-27T16:55:00,234.66666666666663,5.715499937534332,89.21551724137932,0.0,0.0375,0.0,0.0,235.33333333333331,236.0,236.66666666666663,237.33333333333331,238.0,238.66666666666663,239.33333333333331,240.0,240.66666666666663,232.66666666666663
4012,2018-06-27T17:00:00,234.0,4.508000075817108,87.58778625954199,0.0,0.0916666666666666,0.0,0.0,234.66666666666663,235.33333333333331,236.0,236.66666666666663,237.33333333333331,238.0,238.66666666666663,239.33333333333331,240.0,232.0
4013,2018-06-27T17:05:00,233.33333333333331,4.347000062465668,87.49152542372882,0.0,0.0916666666666666,0.0,0.0,234.0,234.66666666666663,235.33333333333331,236.0,236.66666666666663,237.33333333333331,238.0,238.66666666666663,239.33333333333331,231.33333333333331
4014,2018-06-27T17:10:00,232.66666666666663,4.105500042438507,85.39669421487604,0.0,0.0916666666666666,0.0,0.0,233.33333333333331,234.0,234.66666666666663,235.33333333333331,236.0,236.66666666666663,237.33333333333331,238.0,238.66666666666663,230.66666666666663
4015,2018-06-27T17:15:00,232.0,4.347000062465668,87.09375,0.0,0.0916666666666666,0.0,0.0,232.66666666666663,233.33333333333331,234.0,234.66666666666663,235.33333333333331,236.0,236.66666666666663,237.33333333333331,238.0,230.0
4016,2018-06-27T17:20:00,231.33333333333331,4.186000049114227,86.31666666666666,0.0,0.0916666666666666,0.0,0.0,232.0,232.66666666666663,233.33333333333331,234.0,234.66666666666663,235.33333333333331,236.0,236.66666666666663,237.33333333333331,229.33333333333331
4017,2018-06-27T17:25:00,230.66666666666663,4.025000035762787,85.56198347107438,0.0,0.0916666666666666,0.0,0.0,231.33333333333331,232.0,232.66666666666663,233.33333333333331,234.0,234.66666666666663,235.33333333333331,236.0,236.66666666666663,228.66666666666663
4018,2018-06-27T17:30:00,230.0,4.025000035762787,86.0327868852459,0.0,0.0916666666666666,0.0,0.0,230.66666666666663,231.33333333333331,232.0,232.66666666666663,233.33333333333331,234.0,234.66666666666663,235.33333333333331,236.0,228.0
4019,2018-06-27T17:35:00,229.33333333333331,4.025000035762787,87.07964601769912,0.0,0.0916666666666666,0.0,0.0,230.0,230.66666666666663,231.33333333333331,232.0,232.66666666666663,233.33333333333331,234.0,234.66666666666663,235.33333333333331,227.33333333333331
4020,2018-06-27T17:40:00,228.66666666666663,4.427500009536743,88.775,0.0,0.0916666666666666,0.0,0.0,229.33333333333331,230.0,230.66666666666663,231.33333333333331,232.0,232.66666666666663,233.33333333333331,234.0,234.66666666666663,226.66666666666663
4021,2018-06-27T17:45:00,228.0,4.186000049114227,86.80672268907563,0.0,0.0916666666666666,0.0,0.0,228.66666666666663,229.33333333333331,230.0,230.66666666666663,231.33333333333331,232.0,232.66666666666663,233.33333333333331,234.0,226.0
4022,2018-06-27T17:50:00,227.33333333333331,4.025000035762787,83.82352941176471,0.0,0.0916666666666666,0.0,0.0,228.0,228.66666666666663,229.33333333333331,230.0,230.66666666666663,231.33333333333331,232.0,232.66666666666663,233.33333333333331,225.33333333333331
4023,2018-06-27T17:55:00,226.66666666666663,4.025000035762787,83.09166666666667,0.0,0.0916666666666666,0.0,0.0,227.33333333333331,228.0,228.66666666666663,229.33333333333331,230.0,230.66666666666663,231.33333333333331,232.0,232.66666666666663,224.66666666666663
4024,2018-06-27T18:00:00,226.0,4.025000035762787,81.6311475409836,0.0,0.0916666666666666,0.0,0.0,226.66666666666663,227.33333333333331,228.0,228.66666666666663,229.33333333333331,230.0,230.66666666666663,231.33333333333331,232.0,224.0
4025,2018-06-27T18:05:00,225.33333333333331,4.025000035762787,81.26666666666667,0.0,0.0916666666666666,0.0,0.0,226.0,226.66666666666663,227.33333333333331,228.0,228.66666666666663,229.33333333333331,230.0,230.66666666666663,231.33333333333331,223.33333333333331
4026,2018-06-27T18:10:00,224.66666666666663,4.025000035762787,83.16814159292035,0.0,0.0916666666666666,0.0,0.0,225.33333333333331,226.0,226.66666666666663,227.33333333333331,228.0,228.66666666666663,229.33333333333331,230.0,230.66666666666663,222.66666666666663
4027,2018-06-27T18:15:00,224.0,4.025000035762787,86.0677966101695,0.0,0.0916666666666666,0.0,0.0,224.66666666666663,225.33333333333331,226.0,226.66666666666663,227.33333333333331,228.0,228.66666666666663,229.33333333333331,230.0,222.0
4028,2018-06-27T18:20:00,223.33333333333331,4.266499996185303,87.96666666666667,0.0,0.0916666666666666,0.0,0.0,224.0,224.66666666666663,225.33333333333331,226.0,226.66666666666663,227.33333333333331,228.0,228.66666666666663,229.33333333333331,221.33333333333331
4029,2018-06-27T18:25:00,222.66666666666663,4.347000062465668,88.4076923076923,0.0,0.0916666666666666,0.0,0.0,223.33333333333331,224.0,224.66666666666663,225.33333333333331,226.0,226.66666666666663,227.33333333333331,228.0,228.66666666666663,220.66666666666663
4030,2018-06-27T18:30:00,222.0,4.025000035762787,87.3739837398374,0.0,0.0916666666666666,0.0,0.0,222.66666666666663,223.33333333333331,224.0,224.66666666666663,225.33333333333331,226.0,226.66666666666663,227.33333333333331,228.0,220.0
4031,2018-06-27T18:35:00,221.33333333333331,4.025000035762787,83.4957264957265,0.0,0.0916666666666666,0.0,0.0,222.0,222.66666666666663,223.33333333333331,224.0,224.66666666666663,225.33333333333331,226.0,226.66666666666663,227.33333333333331,219.33333333333331
4032,2018-06-27T18:40:00,220.66666666666663,4.025000035762787,78.73134328358209,0.0,0.0916666666666666,0.0,0.0,221.33333333333331,222.0,222.66666666666663,223.33333333333331,224.0,224.66666666666663,225.33333333333331,226.0,226.66666666666663,218.66666666666663
4033,2018-06-27T18:45:00,220.0,4.025000035762787,78.88888888888889,0.0,0.0916666666666666,0.0,0.0,220.66666666666663,221.33333333333331,222.0,222.66666666666663,223.33333333333331,224.0,224.66666666666663,225.33333333333331,226.0,218.0
4034,2018-06-27T18:50:00,219.33333333333331,4.025000035762787,80.128,0.0,0.0916666666666666,0.0,0.0,220.0,220.66666666666663,221.33333333333331,222.0,222.66666666666663,223.33333333333331,224.0,224.66666666666663,225.33333333333331,217.33333333333331
4035,2018-06-27T18:55:00,218.66666666666663,5.152000069618225,79.65625,7.0,0.0916666666666666,0.0,0.0,219.33333333333331,220.0,220.66666666666663,221.33333333333331,222.0,222.66666666666663,223.33333333333331,224.0,224.66666666666663,216.66666666666663
4036,2018-06-27T19:00:00,218.0,4.025000035762787,80.72321428571429,0.0,0.075,0.0,0.0,218.66666666666663,219.33333333333331,220.0,220.66666666666663,221.33333333333331,222.0,222.66666666666663,223.33333333333331,224.0,216.0
4037,2018-06-27T19:05:00,217.33333333333331,4.105500042438507,82.73015873015873,0.0,0.075,0.0,0.0,218.0,218.66666666666663,219.33333333333331,220.0,220.66666666666663,221.33333333333331,222.0,222.66666666666663,223.33333333333331,215.33333333333331
4038,2018-06-27T19:10:00,216.66666666666663,4.025000035762787,80.76229508196721,0.0,0.075,0.0,0.0,217.33333333333331,218.0,218.66666666666663,219.33333333333331,220.0,220.66666666666663,221.33333333333331,222.0,222.66666666666663,214.66666666666663
4039,2018-06-27T19:15:00,216.0,4.025000035762787,79.2892561983471,0.0,0.075,0.0,0.0,216.66666666666663,217.33333333333331,218.0,218.66666666666663,219.33333333333331,220.0,220.66666666666663,221.33333333333331,222.0,214.0
4040,2018-06-27T19:20:00,215.33333333333331,4.025000035762787,80.55932203389831,0.0,0.075,0.0,0.0,216.0,216.66666666666663,217.33333333333331,218.0,218.66666666666663,219.33333333333331,220.0,220.66666666666663,221.33333333333331,213.33333333333331
4041,2018-06-27T19:25:00,214.66666666666663,4.025000035762787,80.58196721311475,0.0,0.075,0.0,0.0,215.33333333333331,216.0,216.66666666666663,217.33333333333331,218.0,218.66666666666663,219.33333333333331,220.0,220.66666666666663,212.66666666666663
4042,2018-06-27T19:30:00,214.0,5.393500089645386,81.26548672566372,9.0,0.075,0.0,0.0,214.66666666666663,215.33333333333331,216.0,216.66666666666663,217.33333333333331,218.0,218.66666666666663,219.33333333333331,220.0,212.0
4043,2018-06-27T19:35:00,213.33333333333331,5.071499884128571,92.90825688073394,0.0,0.075,0.0,0.0,214.0,214.66666666666663,215.33333333333331,216.0,216.66666666666663,217.33333333333331,218.0,218.66666666666663,219.33333333333331,217.2608695652174
4044,2018-06-27T19:40:00,212.66666666666663,5.232499837875366,93.8256880733945,0.0,0.075,0.0,0.0,213.33333333333331,214.0,214.66666666666663,215.33333333333331,216.0,216.66666666666663,217.33333333333331,218.0,218.66666666666663,222.5217391304348
4045,2018-06-27T19:45:00,212.0,8.291499853134155,97.75,0.0,0.075,0.0,0.0,212.66666666666663,213.33333333333331,214.0,214.66666666666663,215.33333333333331,216.0,216.66666666666663,217.33333333333331,218.0,227.7826086956522
4046,2018-06-27T19:50:00,217.2608695652174,4.507999956607819,84.43181818181819,0.0,0.075,0.0,0.0,212.0,212.66666666666663,213.33333333333331,214.0,214.66666666666663,215.33333333333331,216.0,216.66666666666663,217.33333333333331,233.0434782608696
4047,2018-06-27T19:55:00,222.5217391304348,9.418499767780304,82.51818181818182,55.0,0.075,0.0,0.0,217.2608695652174,212.0,212.66666666666663,213.33333333333331,214.0,214.66666666666663,215.33333333333331,216.0,216.66666666666663,238.30434782608697
4048,2018-06-27T20:00:00,227.7826086956522,11.994499921798706,98.72058823529412,95.0,0.075,0.0,0.0,222.5217391304348,217.2608695652174,212.0,212.66666666666663,213.33333333333331,214.0,214.66666666666663,215.33333333333331,216.0,243.56521739130437
4049,2018-06-27T20:05:00,233.0434782608696,10.786999940872192,101.86363636363636,78.0,0.075,0.0,0.0,227.7826086956522,222.5217391304348,217.2608695652174,212.0,212.66666666666663,213.33333333333331,214.0,214.66666666666663,215.33333333333331,248.82608695652172
4050,2018-06-27T20:10:00,238.30434782608697,8.37199991941452,101.27118644067797,24.0,0.075,0.0,0.0,233.0434782608696,227.7826086956522,222.5217391304348,217.2608695652174,212.0,212.66666666666663,213.33333333333331,214.0,214.66666666666663,254.08695652173915
4051,2018-06-27T20:15:00,243.56521739130437,8.21099990606308,95.3955223880597,23.0,0.075,0.0,0.0,238.30434782608697,233.0434782608696,227.7826086956522,222.5217391304348,217.2608695652174,212.0,212.66666666666663,213.33333333333331,214.0,259.3478260869565
4052,2018-06-27T20:20:00,248.82608695652172,6.278999924659729,86.5546218487395,0.0,0.075,0.0,0.0,243.56521739130437,238.30434782608697,233.0434782608696,227.7826086956522,222.5217391304348,217.2608695652174,212.0,212.66666666666663,213.33333333333331,264.60869565217394
4053,2018-06-27T20:25:00,254.08695652173915,4.990999937057495,91.1951219512195,0.0,0.075,0.0,0.0,248.82608695652172,243.56521739130437,238.30434782608697,233.0434782608696,227.7826086956522,222.5217391304348,217.2608695652174,212.0,212.66666666666663,269.8695652173913
4054,2018-06-27T20:30:00,259.3478260869565,5.7959999442100525,85.7433628318584,0.0,0.075,0.0,0.0,254.08695652173915,248.82608695652172,243.56521739130437,238.30434782608697,233.0434782608696,227.7826086956522,222.5217391304348,217.2608695652174,212.0,275.1304347826087
4055,2018-06-27T20:35:00,264.60869565217394,6.842500030994415,84.0603448275862,0.0,0.075,0.0,0.0,259.3478260869565,254.08695652173915,248.82608695652172,243.56521739130437,238.30434782608697,233.0434782608696,227.7826086956522,222.5217391304348,217.2608695652174,280.3913043478261
4056,2018-06-27T20:40:00,269.8695652173913,10.545500099658966,85.87610619469027,102.0,0.075,0.0,0.0,264.60869565217394,259.3478260869565,254.08695652173915,248.82608695652172,243.56521739130437,238.30434782608697,233.0434782608696,227.7826086956522,222.5217391304348,285.6521739130435
4057,2018-06-27T20:45:00,275.1304347826087,4.990999937057495,87.85,0.0,0.075,0.0,0.0,269.8695652173913,264.60869565217394,259.3478260869565,254.08695652173915,248.82608695652172,243.56521739130437,238.30434782608697,233.0434782608696,227.7826086956522,290.9130434782609
4058,2018-06-27T20:50:00,280.3913043478261,4.105500042438507,83.47777777777777,0.0,0.075,0.0,0.0,275.1304347826087,269.8695652173913,264.60869565217394,259.3478260869565,254.08695652173915,248.82608695652172,243.56521739130437,238.30434782608697,233.0434782608696,296.17391304347825
4059,2018-06-27T20:55:00,285.6521739130435,8.291499972343445,86.3688524590164,78.0,0.075,0.0,0.0,280.3913043478261,275.1304347826087,269.8695652173913,264.60869565217394,259.3478260869565,254.08695652173915,248.82608695652172,243.56521739130437,238.30434782608697,301.4347826086956
4060,2018-06-27T21:00:00,290.9130434782609,4.266500055789948,77.96774193548387,0.0,0.0583333333333333,0.0,0.0,285.6521739130435,280.3913043478261,275.1304347826087,269.8695652173913,264.60869565217394,259.3478260869565,254.08695652173915,248.82608695652172,243.56521739130437,306.69565217391306
4061,2018-06-27T21:05:00,296.17391304347825,4.105500042438507,72.89682539682539,0.0,0.0583333333333333,0.0,0.0,290.9130434782609,285.6521739130435,280.3913043478261,275.1304347826087,269.8695652173913,264.60869565217394,259.3478260869565,254.08695652173915,248.82608695652172,311.95652173913044
4062,2018-06-27T21:10:00,301.4347826086956,5.474000096321106,75.21739130434783,0.0,0.0583333333333333,0.0,0.0,296.17391304347825,290.9130434782609,285.6521739130435,280.3913043478261,275.1304347826087,269.8695652173913,264.60869565217394,259.3478260869565,254.08695652173915,317.2173913043478
4063,2018-06-27T21:15:00,306.69565217391306,4.588500022888184,83.05084745762711,0.0,0.0583333333333333,0.0,0.0,301.4347826086956,296.17391304347825,290.9130434782609,285.6521739130435,280.3913043478261,275.1304347826087,269.8695652173913,264.60869565217394,259.3478260869565,322.47826086956525
4064,2018-06-27T21:20:00,311.95652173913044,5.473999977111816,83.76666666666667,12.0,0.0583333333333333,0.0,0.0,306.69565217391306,301.4347826086956,296.17391304347825,290.9130434782609,285.6521739130435,280.3913043478261,275.1304347826087,269.8695652173913,264.60869565217394,327.7391304347826
4065,2018-06-27T21:25:00,317.2173913043478,10.706499874591827,85.02702702702703,65.0,0.0583333333333333,0.0,0.0,311.95652173913044,306.69565217391306,301.4347826086956,296.17391304347825,290.9130434782609,285.6521739130435,280.3913043478261,275.1304347826087,269.8695652173913,333.0
4066,2018-06-27T21:30:00,322.47826086956525,8.21099990606308,100.75675675675676,8.0,0.0583333333333333,0.0,0.0,317.2173913043478,311.95652173913044,306.69565217391306,301.4347826086956,296.17391304347825,290.9130434782609,285.6521739130435,280.3913043478261,275.1304347826087,332.5
4067,2018-06-27T21:35:00,327.7391304347826,12.477499961853027,103.95689655172414,60.0,0.0583333333333333,0.0,0.0,322.47826086956525,317.2173913043478,311.95652173913044,306.69565217391306,301.4347826086956,296.17391304347825,290.9130434782609,285.6521739130435,280.3913043478261,332.0
4068,2018-06-27T21:40:00,333.0,6.761999845504761,96.55172413793105,12.0,0.0583333333333333,5.2,3.0,327.7391304347826,322.47826086956525,317.2173913043478,311.95652173913044,306.69565217391306,301.4347826086956,296.17391304347825,290.9130434782609,285.6521739130435,331.5
4069,2018-06-27T21:45:00,332.5,5.232499837875366,90.32773109243698,0.0,0.0583333333333333,0.0,0.0,333.0,327.7391304347826,322.47826086956525,317.2173913043478,311.95652173913044,306.69565217391306,301.4347826086956,296.17391304347825,290.9130434782609,331.0
4070,2018-06-27T21:50:00,332.0,4.669000089168549,89.08870967741936,0.0,0.0583333333333333,0.0,0.0,332.5,333.0,327.7391304347826,322.47826086956525,317.2173913043478,311.95652173913044,306.69565217391306,301.4347826086956,296.17391304347825,330.5
4071,2018-06-27T21:55:00,331.5,4.186000049114227,84.26923076923077,0.0,0.0583333333333333,0.0,0.0,332.0,332.5,333.0,327.7391304347826,322.47826086956525,317.2173913043478,311.95652173913044,306.69565217391306,301.4347826086956,330.0
4072,2018-06-27T22:00:00,331.0,4.186000049114227,80.09219858156028,0.0,0.0583333333333333,0.0,0.0,331.5,332.0,332.5,333.0,327.7391304347826,322.47826086956525,317.2173913043478,311.95652173913044,306.69565217391306,329.5
4073,2018-06-27T22:05:00,330.5,4.347000002861023,83.592,0.0,0.0583333333333333,0.0,0.0,331.0,331.5,332.0,332.5,333.0,327.7391304347826,322.47826086956525,317.2173913043478,311.95652173913044,329.0
4074,2018-06-27T22:10:00,330.0,10.464999914169312,91.21052631578948,114.0,0.0583333333333333,0.0,0.0,330.5,331.0,331.5,332.0,332.5,333.0,327.7391304347826,322.47826086956525,317.2173913043478,328.5
4075,2018-06-27T22:15:00,329.5,6.037499964237213,90.1271186440678,0.0,0.0583333333333333,0.0,0.0,330.0,330.5,331.0,331.5,332.0,332.5,333.0,327.7391304347826,322.47826086956525,328.0
4076,2018-06-27T22:20:00,329.0,8.854999959468842,84.63063063063063,31.0,0.0583333333333333,0.0,0.0,329.5,330.0,330.5,331.0,331.5,332.0,332.5,333.0,327.7391304347826,327.5
4077,2018-06-27T22:25:00,328.5,11.591999888420103,85.08264462809917,93.0,0.0583333333333333,0.0,0.0,329.0,329.5,330.0,330.5,331.0,331.5,332.0,332.5,333.0,327.0
4078,2018-06-27T22:30:00,328.0,6.117999911308289,90.03333333333333,0.0,0.0583333333333333,0.0,0.0,328.5,329.0,329.5,330.0,330.5,331.0,331.5,332.0,332.5,326.5
4079,2018-06-27T22:35:00,327.5,4.8299999833107,88.3739837398374,0.0,0.0583333333333333,0.0,0.0,328.0,328.5,329.0,329.5,330.0,330.5,331.0,331.5,332.0,326.0
4080,2018-06-27T22:40:00,327.0,4.266500055789948,80.01626016260163,0.0,0.0583333333333333,0.0,0.0,327.5,328.0,328.5,329.0,329.5,330.0,330.5,331.0,331.5,325.5
4081,2018-06-27T22:45:00,326.5,4.105500042438507,81.10185185185185,0.0,0.0583333333333333,0.0,0.0,327.0,327.5,328.0,328.5,329.0,329.5,330.0,330.5,331.0,325.0
4082,2018-06-27T22:50:00,326.0,4.025000035762787,77.7578125,0.0,0.0583333333333333,0.0,0.0,326.5,327.0,327.5,328.0,328.5,329.0,329.5,330.0,330.5,324.5
4083,2018-06-27T22:55:00,325.5,4.025000035762787,77.55555555555556,0.0,0.0583333333333333,0.0,0.0,326.0,326.5,327.0,327.5,328.0,328.5,329.0,329.5,330.0,324.0
4084,2018-06-27T23:00:00,325.0,4.025000035762787,77.74107142857143,0.0,0.0583333333333333,0.0,0.0,325.5,326.0,326.5,327.0,327.5,328.0,328.5,329.0,329.5,323.5
4085,2018-06-27T23:05:00,324.5,4.025000035762787,78.80952380952381,0.0,0.0583333333333333,0.0,0.0,325.0,325.5,326.0,326.5,327.0,327.5,328.0,328.5,329.0,323.0
4086,2018-06-27T23:10:00,324.0,4.105500042438507,80.99159663865547,0.0,0.0583333333333333,0.0,0.0,324.5,325.0,325.5,326.0,326.5,327.0,327.5,328.0,328.5,322.5
4087,2018-06-27T23:15:00,323.5,4.025000035762787,82.54135338345864,0.0,0.0583333333333333,0.0,0.0,324.0,324.5,325.0,325.5,326.0,326.5,327.0,327.5,328.0,322.0
4088,2018-06-27T23:20:00,323.0,4.266499996185303,83.78632478632478,0.0,0.0583333333333333,0.0,0.0,323.5,324.0,324.5,325.0,325.5,326.0,326.5,327.0,327.5,323.6666666666667
4089,2018-06-27T23:25:00,322.5,4.025000035762787,81.39166666666667,0.0,0.0583333333333333,0.0,0.0,323.0,323.5,324.0,324.5,325.0,325.5,326.0,326.5,327.0,325.3333333333333
4090,2018-06-27T23:30:00,322.0,5.956999897956848,86.77777777777777,9.0,0.0583333333333333,0.0,0.0,322.5,323.0,323.5,324.0,324.5,325.0,325.5,326.0,326.5,327.0
4091,2018-06-27T23:35:00,323.6666666666667,5.232499837875366,88.05172413793103,0.0,0.0583333333333333,1.0,0.0,322.0,322.5,323.0,323.5,324.0,324.5,325.0,325.5,326.0,326.0
4092,2018-06-27T23:40:00,325.3333333333333,4.105500042438507,77.68067226890756,0.0,0.0583333333333333,0.0,0.0,323.6666666666667,322.0,322.5,323.0,323.5,324.0,324.5,325.0,325.5,326.0
